0.00 4977 168787 121925 8622 4977 121925 168787 8622 1 0 36 1 2 0 0 0 32 0 0 0 0 0 
4.00 4127 170280 125041 5508 4127 125041 170280 5508 0 0 44 2 0 1 0 0 38 0 0 0 0 0 
8.00 3715 170705 127315 3867 3715 127315 170705 3867 2 0 42 0 1 0 0 0 37 0 0 0 0 0 
12.00 3620 170817 125460 4627 3620 125460 170817 4627 0 0 35 2 0 2 0 0 39 0 0 0 0 0 
16.00 3708 171775 120786 8423 3708 120786 171775 8423 1 0 41 1 1 6 0 0 40 0 0 0 0 0 
20.00 4751 170954 112837 14617 4751 112837 170954 14617 0 0 41 2 3 1 0 0 40 0 0 0 0 0 
24.00 5160 171223 104917 21702 5160 104917 171223 21702 1 0 35 4 0 12 0 0 30 0 0 0 0 0 
28.00 6384 171431 93422 31793 6384 93422 171431 31793 1 0 37 8 0 12 0 0 35 0 0 0 0 0 
32.00 7909 169717 79816 44468 7909 79816 169717 44468 3 1 32 9 5 11 0 0 33 1 0 0 0 0 
36.00 9420 169554 68333 53748 9420 68333 169554 53748 5 1 24 7 1 24 1 0 22 1 0 0 0 0 
40.00 11743 166878 55477 66222 11743 55477 166878 66222 6 2 20 6 2 21 1 0 24 2 0 0 0 0 
44.00 14483 164392 46237 74305 14483 46237 164392 74305 4 3 19 12 2 29 5 0 17 2 0 0 0 0 
48.00 17219 162383 34212 85721 17219 34212 162383 85721 5 3 14 6 1 33 4 0 16 3 0 0 0 0 
52.00 20678 157220 24972 95026 20678 24972 157220 95026 7 7 8 2 2 32 1 0 9 7 0 0 0 0 
56.00 22436 155235 16494 102880 22436 16494 155235 102880 5 5 2 6 0 28 7 0 2 3 0 0 0 0 
60.00 31188 144534 11048 108940 31188 11048 144534 108940 10 9 1 2 2 29 5 0 1 9 0 0 0 0 
64.00 35375 139316 7192 113318 35375 7192 139316 113318 5 9 3 1 0 33 10 0 3 8 0 0 0 0 
68.00 39146 133389 4807 116168 39146 4807 133389 116168 18 6 2 2 0 25 5 0 1 6 0 0 0 0 
72.00 47151 122270 4621 116506 47151 4621 122270 116506 9 11 1 2 0 21 16 0 0 11 0 0 0 0 
76.00 52706 115003 6759 115652 52706 6759 115003 115652 7 16 1 2 0 16 17 0 1 13 0 0 0 0 
80.00 57522 108682 9464 114167 57522 9464 108682 114167 16 8 1 1 1 26 8 0 1 5 0 0 0 0 
84.00 65582 98023 13994 110283 65582 13994 98023 110283 6 17 1 1 2 23 15 0 1 17 0 0 0 0 
88.00 78397 82373 18589 107263 78397 18589 82373 107263 15 15 1 10 3 16 17 0 2 12 0 0 0 0 
92.00 88775 70119 24424 102960 88775 24424 70119 102960 15 15 1 7 4 16 20 0 1 13 0 0 0 0 
96.00 98193 58321 32554 95973 98193 32554 58321 95973 13 17 6 6 9 12 21 0 5 16 0 0 0 0 
100.00 99738 55986 43336 84520 99738 43336 55986 84520 12 10 2 4 10 6 19 0 2 9 0 0 0 0 
104.00 112244 41870 48368 80421 112244 48368 41870 80421 8 23 2 10 12 4 16 0 2 22 0 0 0 0 
108.00 121946 30205 55000 73790 121946 55000 30205 73790 9 23 3 12 15 4 19 0 4 20 0 0 0 0 
112.00 128499 22971 64954 64387 128499 64954 22971 64387 7 15 2 12 17 2 33 0 2 15 0 0 0 0 
116.00 138723 13326 69409 59559 138723 69409 13326 59559 2 18 3 8 18 3 14 0 2 13 0 0 0 0 
120.00 144487 7290 75286 54119 144487 75286 7290 54119 3 19 1 10 24 1 18 0 1 18 0 0 0 0 
124.00 146684 4457 83041 45546 146684 83041 4457 45546 4 13 0 5 28 0 7 0 0 14 0 0 0 0 
128.00 147805 2920 91198 37442 147805 91198 2920 37442 0 10 0 4 23 0 18 0 0 11 0 0 0 0 
132.00 147969 3311 96398 32639 147969 96398 3311 32639 2 11 1 8 27 0 12 0 0 12 0 0 0 0 
136.00 144702 7562 99346 28786 144702 99346 7562 28786 1 7 1 9 23 0 4 0 1 6 0 0 0 0 
140.00 142621 10889 107654 20810 142621 107654 10889 20810 4 4 0 6 29 0 9 0 1 2 0 0 0 0 
144.00 136390 17538 112143 16813 136390 112143 17538 16813 5 2 6 3 34 0 2 0 6 1 0 0 0 0 
148.00 127324 28633 115474 13839 127324 115474 28633 13839 11 2 4 3 33 1 4 0 5 2 0 0 0 0 
152.00 118830 37380 118145 10335 118830 118145 37380 10335 9 3 7 3 37 2 4 0 6 3 0 0 0 0 
156.00 107558 49293 120878 8108 107558 120878 49293 8108 15 4 12 2 24 0 3 0 11 4 0 0 0 0 
160.00 91778 69667 123486 7106 91778 123486 69667 7106 9 0 18 1 19 0 2 0 19 0 0 0 0 0 
164.00 73862 90336 124376 6051 73862 124376 90336 6051 14 0 18 3 16 0 1 0 16 0 0 0 0 0 
168.00 58514 107241 125170 5127 58514 125170 107241 5127 15 0 27 0 19 0 0 0 25 0 0 0 0 0 
172.00 52652 115723 126317 4868 52652 126317 115723 4868 12 0 39 2 11 2 0 0 38 0 0 0 0 0 
176.00 36857 132667 125548 5331 36857 125548 132667 5331 19 1 34 2 13 1 0 0 36 1 0 0 0 0 
180.00 22421 148581 125680 4972 22421 125680 148581 4972 3 0 35 0 4 1 0 0 33 0 0 0 0 0 
184.00 16914 156659 123861 6563 16914 123861 156659 6563 5 0 35 3 5 2 1 0 36 0 0 0 0 0 
188.00 11157 163440 121478 8355 11157 121478 163440 8355 9 0 49 2 4 4 0 0 49 0 0 0 0 0 
192.00 4666 170423 121713 7835 4666 121713 170423 7835 1 0 42 4 1 1 0 0 39 0 0 0 0 0 
196.00 3543 169888 119045 9967 3543 119045 169888 9967 1 0 44 1 2 2 0 0 46 0 0 0 0 0 
200.00 5765 170545 117616 10611 5765 117616 170545 10611 2 0 53 2 2 5 0 0 49 0 0 0 0 0 
204.00 12398 163757 116420 11972 12398 116420 163757 11972 4 1 36 2 3 4 0 0 33 1 0 0 0 0 
208.00 19438 156731 111083 16803 19438 111083 156731 16803 8 1 31 2 6 5 1 0 33 0 0 0 0 0 
212.00 28854 146313 108834 17706 28854 108834 146313 17706 6 0 32 4 8 2 0 0 28 0 0 0 0 0 
216.00 41813 131688 107237 19511 41813 107237 131688 19511 13 1 27 2 2 3 1 0 29 1 0 0 0 0 
220.00 55380 116956 102907 23384 55380 102907 116956 23384 7 3 36 9 12 7 2 0 33 3 0 0 0 0 
224.00 72211 96738 100433 25411 72211 100433 96738 25411 14 5 14 6 12 4 3 0 16 4 0 0 0 0 
228.00 85976 80973 97220 29743 85976 97220 80973 29743 23 9 14 7 20 5 10 0 19 8 0 0 0 0 
232.00 102239 61885 93567 32889 102239 93567 61885 32889 10 7 14 7 15 5 5 0 14 8 0 0 0 0 
236.00 113829 46160 88260 38572 113829 88260 46160 38572 10 6 9 5 23 4 14 0 8 5 0 0 0 0 
240.00 121538 35470 81384 47110 121538 81384 35470 47110 9 12 6 14 17 2 7 0 6 14 0 0 0 0 
244.00 131306 22913 75293 53187 131306 75293 22913 53187 3 20 5 4 18 2 19 0 4 18 0 0 0 0 
248.00 137607 16796 67895 61630 137607 67895 16796 61630 6 27 2 10 7 1 19 0 1 25 0 0 0 0 
252.00 143945 7944 66163 66020 143945 66163 7944 66020 0 22 2 8 16 0 20 0 4 24 0 0 0 0 
256.00 145599 4705 58163 74491 145599 58163 4705 74491 1 19 3 7 16 1 19 0 3 20 0 0 0 0 
260.00 145813 2679 51348 82018 145813 51348 2679 82018 0 32 1 9 13 2 28 0 1 33 0 0 0 0 
264.00 145570 2846 42878 90598 145570 42878 2846 90598 2 37 0 8 9 0 33 0 0 39 0 0 0 0 
268.00 143754 4844 35349 99035 143754 35349 4844 99035 2 20 1 4 11 0 27 0 1 25 0 0 0 0 
272.00 139950 9240 28360 106549 139950 28360 9240 106549 2 31 0 5 7 2 39 0 0 28 0 0 0 0 
276.00 129804 20046 27040 107126 129804 27040 20046 107126 6 24 0 4 5 4 33 0 0 26 0 0 0 0 
280.00 125897 25458 20079 113844 125897 20079 25458 113844 5 28 0 3 3 8 37 0 0 27 0 0 0 0 
284.00 116493 38669 15861 117512 116493 15861 38669 117512 9 31 4 2 3 8 36 0 4 32 0 0 0 0 
288.00 110832 44799 10035 122274 110832 10035 44799 122274 14 31 2 2 2 6 35 0 3 34 0 0 0 0 
292.00 100244 55945 6799 122617 100244 6799 55945 122617 8 26 0 1 0 10 25 0 0 30 0 0 0 0 
296.00 90016 71267 5558 123461 90016 5558 71267 123461 10 21 2 2 3 24 30 0 1 24 0 0 0 0 
300.00 84894 79735 4516 123226 84894 4516 79735 123226 17 22 1 2 1 26 22 0 1 22 0 0 0 0 
304.00 77605 89160 5287 120530 77605 5287 89160 120530 12 16 0 1 0 10 20 0 0 12 0 0 0 0 
308.00 70211 100272 7636 117167 70211 7636 100272 117167 10 24 0 1 2 21 18 0 1 24 0 0 0 0 
312.00 60183 110696 10989 112044 60183 10989 110696 112044 14 13 7 6 3 33 13 0 7 16 0 0 0 0 
316.00 50136 120304 17195 104343 50136 17195 120304 104343 6 10 7 4 3 25 11 0 7 9 0 0 0 0 
320.00 44304 132372 24573 97920 44304 24573 132372 97920 12 9 5 5 1 28 11 0 5 10 0 0 0 0 
324.00 40361 137298 33893 88452 40361 33893 137298 88452 14 9 12 6 3 23 10 0 11 9 0 0 0 0 
328.00 35652 144216 43391 80435 35652 43391 144216 80435 6 7 11 10 2 32 6 0 9 6 0 0 0 0 
332.00 31622 146532 55694 68615 31622 55694 146532 68615 11 6 15 7 3 17 5 0 14 8 0 0 0 0 
336.00 23805 155785 65549 59103 23805 65549 155785 59103 9 2 18 7 2 24 4 0 17 2 0 0 0 0 
340.00 19360 160618 76295 49809 19360 76295 160618 49809 10 2 27 9 4 18 0 0 25 1 0 0 0 0 
344.00 17450 160444 91078 35936 17450 91078 160444 35936 2 0 32 7 5 8 1 0 33 0 0 0 0 0 
348.00 13870 164645 100964 27160 13870 100964 164645 27160 4 1 37 9 7 11 0 0 41 1 0 0 0 0 
352.00 11430 166758 110687 18571 11430 110687 166758 18571 4 0 35 9 1 9 0 0 28 0 0 0 0 0 
356.00 10340 168414 120824 10129 10340 120824 168414 10129 4 0 46 4 1 2 0 0 41 0 0 0 0 0 
360.00 8554 167932 125966 6006 8554 125966 167932 6006 3 0 44 5 1 4 0 0 40 0 0 0 0 0 
