0.00 15244 141530 65423 15293 15244 65423 141530 15293 3 0 26 7 2 9 0 0 24 0 0 0 0 0 
4.00 13812 144022 65037 15214 13812 65037 144022 15214 2 0 18 2 2 3 0 0 16 0 0 0 0 0 
8.00 11967 148429 63805 15732 11967 63805 148429 15732 5 1 23 1 1 7 0 0 21 1 0 0 0 0 
12.00 10161 149694 61925 17724 10161 61925 149694 17724 4 0 15 4 2 7 0 0 16 0 0 0 0 0 
16.00 8766 152577 59665 19460 8766 59665 152577 19460 2 1 26 3 0 7 0 0 25 1 0 0 0 0 
20.00 8851 154005 54858 24119 8851 54858 154005 24119 3 0 17 1 1 11 0 0 17 0 0 0 0 0 
24.00 8186 155434 50316 27919 8186 50316 155434 27919 3 0 21 2 0 10 1 0 20 0 0 0 0 0 
28.00 7702 157129 44310 33636 7702 44310 157129 33636 4 0 14 2 0 9 0 0 14 0 0 0 0 0 
32.00 7565 157562 38517 38298 7565 38517 157562 38298 2 0 10 4 1 13 1 0 10 0 0 0 0 0 
36.00 7513 158429 33284 42595 7513 33284 158429 42595 2 0 8 1 0 12 0 0 8 0 0 0 0 0 
40.00 7586 158667 28200 47242 7586 28200 158667 47242 4 2 13 1 0 13 1 0 12 2 0 0 0 0 
44.00 7892 157839 24242 50989 7892 24242 157839 50989 4 1 7 1 2 11 0 0 5 1 0 0 0 0 
48.00 8450 157561 20429 54176 8450 20429 157561 54176 3 1 5 1 0 23 0 0 5 1 0 0 0 0 
52.00 9626 155575 18220 56155 9626 18220 155575 56155 1 1 10 2 0 14 0 0 10 1 0 0 0 0 
56.00 10341 154290 15601 58462 10341 15601 154290 58462 4 3 7 1 0 27 2 0 6 4 0 0 0 0 
60.00 11902 151929 14513 59509 11902 14513 151929 59509 6 0 5 0 0 22 3 0 5 0 0 0 0 0 
64.00 14148 148381 14279 60786 14148 14279 148381 60786 6 1 3 2 0 13 2 0 2 1 0 0 0 0 
68.00 17699 141673 15042 60542 17699 15042 141673 60542 7 2 4 1 1 14 2 0 4 2 0 0 0 0 
72.00 19871 136777 15859 59588 19871 15859 136777 59588 8 2 5 3 1 13 3 0 7 1 0 0 0 0 
76.00 23511 129795 17716 58508 23511 17716 129795 58508 6 0 4 3 1 20 1 0 4 0 0 0 0 0 
80.00 26921 124058 20242 57602 26921 20242 124058 57602 10 3 6 2 0 21 3 0 6 3 0 0 0 0 
84.00 30378 117126 23263 54468 30378 23263 117126 54468 12 3 8 2 1 13 1 0 8 4 0 0 0 0 
88.00 34618 108255 26020 52660 34618 26020 108255 52660 11 3 10 3 0 6 3 0 10 2 0 0 0 0 
92.00 41632 98037 29666 49828 41632 29666 98037 49828 10 2 10 2 1 9 3 0 9 3 0 0 0 0 
96.00 46856 90072 32820 47516 46856 32820 90072 47516 6 6 6 1 5 8 6 0 6 6 0 0 0 0 
100.00 52614 79265 36944 44204 52614 36944 79265 44204 7 2 11 4 9 10 9 0 14 3 0 0 0 0 
104.00 59050 68303 39544 41739 59050 39544 68303 41739 5 4 1 1 3 4 2 0 3 5 0 0 0 0 
108.00 64953 57435 41960 39045 64953 41960 57435 39045 5 4 8 3 3 5 1 0 7 4 0 0 0 0 
112.00 71757 47223 45633 36091 71757 45633 47223 36091 6 9 5 0 9 6 8 0 3 10 0 0 0 0 
116.00 78403 35630 48244 33872 78403 48244 35630 33872 6 5 5 4 5 0 6 0 5 5 0 0 0 0 
120.00 84092 26684 50856 32003 84092 50856 26684 32003 5 9 5 3 7 1 6 0 3 7 0 0 0 0 
124.00 88019 19361 52793 29514 88019 52793 19361 29514 1 5 4 1 13 1 7 0 3 4 0 0 0 0 
128.00 92284 12360 54912 27696 92284 54912 12360 27696 2 5 1 6 14 3 12 0 1 4 0 0 0 0 
132.00 95261 7663 57279 25848 95261 57279 7663 25848 0 5 1 4 13 0 3 0 1 6 0 0 0 0 
136.00 95580 5241 58974 24039 95580 58974 5241 24039 2 6 1 4 13 0 7 0 1 7 0 0 0 0 
140.00 96486 5013 60526 22446 96486 60526 5013 22446 0 9 0 3 11 1 3 0 1 9 0 0 0 0 
144.00 96246 7144 62081 21575 96246 62081 7144 21575 1 9 1 3 11 0 7 0 1 8 0 0 0 0 
148.00 93547 10464 62614 20456 93547 62614 10464 20456 0 3 0 4 18 0 4 0 0 3 0 0 0 0 
152.00 86830 17115 62960 20258 86830 62960 17115 20258 4 5 2 3 14 1 4 0 2 5 0 0 0 0 
156.00 84153 24785 64244 19718 84153 64244 24785 19718 5 7 8 1 19 3 6 0 8 7 0 0 0 0 
160.00 77189 38042 63806 19241 77189 63806 38042 19241 9 2 9 4 7 0 4 0 9 2 0 0 0 0 
164.00 69017 51326 63728 18933 69017 63728 51326 18933 10 3 7 0 13 3 3 0 7 2 0 0 0 0 
168.00 61462 64634 63083 18949 61462 63083 64634 18949 4 2 6 3 15 0 1 0 5 2 0 0 0 0 
172.00 51861 81375 63271 19057 51861 63271 81375 19057 13 0 9 3 8 5 2 0 10 0 0 0 0 0 
176.00 44454 93817 62853 19157 44454 62853 93817 19157 6 3 8 2 9 2 2 0 8 3 0 0 0 0 
180.00 34200 111263 62048 19136 34200 62048 111263 19136 7 0 11 2 4 9 2 0 11 1 0 0 0 0 
184.00 26906 122611 61516 19456 26906 61516 122611 19456 8 0 16 3 9 7 2 0 19 0 0 0 0 0 
188.00 20746 134383 59175 20304 20746 59175 134383 20304 6 5 24 4 0 7 1 0 24 5 0 0 0 0 
192.00 14054 143728 58795 20715 14054 58795 143728 20715 6 0 15 1 1 5 2 0 17 0 0 0 0 0 
196.00 9459 151421 57336 20705 9459 57336 151421 20705 2 0 19 2 3 5 0 0 20 1 0 0 0 0 
200.00 7956 157115 56061 22035 7956 56061 157115 22035 5 1 16 0 0 7 0 0 16 1 0 0 0 0 
204.00 7611 157624 55114 23027 7611 55114 157624 23027 1 0 14 3 1 8 0 0 17 0 0 0 0 0 
208.00 9412 155783 53600 24047 9412 53600 155783 24047 3 0 18 2 1 8 0 0 17 0 0 0 0 0 
212.00 12887 148928 52091 25128 12887 52091 148928 25128 4 0 25 1 0 12 0 0 22 0 0 0 0 0 
216.00 18013 142173 49965 26934 18013 49965 142173 26934 6 1 20 2 2 6 1 0 19 1 0 0 0 0 
220.00 25463 129180 48544 28804 25463 48544 129180 28804 7 0 10 2 1 6 1 0 11 0 0 0 0 0 
224.00 32081 118833 46841 31225 32081 46841 118833 31225 4 4 13 3 6 5 4 0 11 3 0 0 0 0 
228.00 41612 101637 44876 33014 41612 44876 101637 33014 11 1 16 6 1 8 5 0 15 1 0 0 0 0 
232.00 49573 87685 42142 35651 49573 42142 87685 35651 13 2 7 1 10 6 3 0 8 2 0 0 0 0 
236.00 55794 75240 40124 38688 55794 40124 75240 38688 10 3 7 1 6 7 6 0 8 4 0 0 0 0 
240.00 64688 60413 37644 41578 64688 37644 60413 41578 7 7 6 2 6 8 6 0 7 9 0 0 0 0 
244.00 74103 44095 36074 44045 74103 36074 44095 44045 8 8 2 5 1 7 6 0 2 7 0 0 0 0 
248.00 80006 32690 33364 47711 80006 33364 32690 47711 4 7 2 5 5 4 11 0 3 6 0 0 0 0 
252.00 83884 25821 30315 51213 83884 30315 25821 51213 4 7 0 1 7 1 7 0 0 7 0 0 0 0 
256.00 87925 17681 28662 54328 87925 28662 17681 54328 4 8 0 4 5 2 12 0 0 8 0 0 0 0 
260.00 91905 11059 26273 57280 91905 26273 11059 57280 0 11 2 2 7 2 9 0 2 12 0 0 0 0 
264.00 94347 7101 23657 60747 94347 23657 7101 60747 0 13 0 2 6 0 9 0 0 10 0 0 0 0 
268.00 94409 4806 21460 62474 94409 21460 4806 62474 0 8 0 2 7 0 9 0 0 10 0 0 0 0 
272.00 94505 4610 19935 64317 94505 19935 4610 64317 3 28 0 0 6 0 20 0 0 25 0 0 0 0 
276.00 93164 6498 18185 66171 93164 18185 6498 66171 2 12 0 3 2 2 12 0 0 11 0 0 0 0 
280.00 90311 11939 17017 67382 90311 17017 11939 67382 5 13 0 1 0 1 17 0 0 9 0 0 0 0 
284.00 88022 15499 15822 67915 88022 15822 15499 67915 1 18 1 1 5 0 12 0 1 16 0 0 0 0 
288.00 84323 22472 15091 67924 84323 15091 22472 67924 4 10 1 3 4 5 12 0 1 11 0 0 0 0 
292.00 79733 29586 14803 67639 79733 14803 29586 67639 4 7 1 3 5 4 13 0 1 6 0 0 0 0 
296.00 75025 37891 14871 66147 75025 14871 37891 66147 8 8 1 2 4 6 12 0 0 9 0 0 0 0 
300.00 71813 45101 15851 65169 71813 15851 45101 65169 12 15 1 4 5 5 12 0 1 13 0 0 0 0 
304.00 65681 54934 16952 62761 65681 16952 54934 62761 4 5 1 0 2 4 6 0 1 4 0 0 0 0 
308.00 60301 65072 18649 60431 60301 18649 65072 60431 13 6 3 3 0 7 7 0 3 6 0 0 0 0 
312.00 53771 71398 21865 56656 53771 21865 71398 56656 8 3 1 1 2 11 11 0 2 3 0 0 0 0 
316.00 49818 78907 25032 53160 49818 25032 78907 53160 12 6 6 1 2 11 9 0 6 6 0 0 0 0 
320.00 46704 89550 28158 49285 46704 28158 89550 49285 9 3 2 2 1 7 1 0 3 3 0 0 0 0 
324.00 40702 99447 31588 45590 40702 31588 99447 45590 13 1 4 3 2 11 1 0 4 1 0 0 0 0 
328.00 37613 103543 36931 40180 37613 36931 103543 40180 5 3 12 5 6 10 0 0 12 3 0 0 0 0 
332.00 34667 108782 42076 36071 34667 42076 108782 36071 6 2 14 3 2 6 6 0 10 2 0 0 0 0 
336.00 31804 113327 47227 31137 31804 47227 113327 31137 7 1 16 3 7 11 0 0 15 1 0 0 0 0 
340.00 28678 118732 51735 27059 28678 51735 118732 27059 7 2 17 3 8 4 2 0 17 2 0 0 0 0 
344.00 25117 123176 55440 23461 25117 55440 123176 23461 5 0 17 4 5 2 1 0 14 0 0 0 0 0 
348.00 23295 127035 59378 20331 23295 59378 127035 20331 8 1 16 1 3 6 1 0 16 1 0 0 0 0 
352.00 21774 127845 61957 17231 21774 61957 127845 17231 5 1 12 1 2 5 1 0 11 1 0 0 0 0 
356.00 18464 134390 63781 15864 18464 63781 134390 15864 5 2 25 1 1 2 0 0 24 2 0 0 0 0 
360.00 17648 134849 64828 14969 17648 64828 134849 14969 4 0 24 0 2 6 0 0 25 0 0 0 0 0 
