12.96 278894 499473 306541 7007 278894 306541 499473 7007 10600 54 12216 76 542 233 19 134 12282 51 0 0 0 0 
13.02 279086 511249 305129 6932 279086 305129 511249 6932 10752 10 12324 7 412 124 0 0 12317 10 0 0 0 0 
13.08 281685 532649 306059 6961 281685 306059 532649 6961 11525 15 13321 6 439 139 1 0 13320 15 0 0 0 0 
13.14 281776 554405 306517 6806 281776 306517 554405 6806 12451 13 13734 7 433 134 0 0 13729 13 0 0 0 0 
13.20 282303 573396 307274 6629 282303 307274 573396 6629 12800 14 14626 10 498 142 4 0 14619 15 0 0 0 0 
13.26 280652 590786 305925 6579 280652 305925 590786 6579 13005 12 15027 10 486 158 5 0 15017 11 0 0 0 0 
13.32 283407 614332 306171 6708 283407 306171 614332 6708 14044 8 15878 7 521 186 0 0 15869 9 0 0 0 0 
13.38 283811 631787 305307 6750 283811 305307 631787 6750 14710 13 16418 11 617 203 2 0 16409 12 0 0 0 0 
13.44 283574 650063 307643 6615 283574 307643 650063 6615 15122 20 17335 13 580 196 2 0 17335 18 0 0 0 0 
13.50 283718 663895 308134 6695 283718 308134 663895 6695 15667 11 17625 16 558 183 5 0 17617 12 0 0 0 0 
13.56 284237 673344 306921 6692 284237 306921 673344 6692 16156 20 18247 15 604 180 4 0 18236 20 0 0 0 0 
13.62 283909 683298 306209 6599 283909 306209 683298 6599 16311 18 18580 12 582 197 2 0 18572 18 0 0 0 0 
13.64 284861 687734 305987 6463 284861 305987 687734 6463 16850 13 18817 15 545 198 2 0 18813 13 0 0 0 0 
13.66 284792 690437 306050 6371 284792 306050 690437 6371 16850 9 18878 10 605 204 1 0 18870 9 0 0 0 0 
13.68 285319 692029 307490 6374 285319 307490 692029 6374 16969 15 19017 10 565 212 2 0 19015 14 0 0 0 0 
13.70 283957 692267 307443 6516 283957 307443 692267 6516 16635 9 19092 12 653 202 2 0 19088 9 0 0 0 0 
13.72 283928 692646 307275 6247 283928 307275 692646 6247 16561 20 19061 13 655 195 4 0 19050 20 0 0 0 0 
13.74 283926 696154 306244 6524 283926 306244 696154 6524 16473 13 19149 13 693 207 4 0 19152 13 0 0 0 0 
13.76 284991 697787 307156 6412 284991 307156 697787 6412 16384 7 19392 11 746 234 1 0 19381 7 0 0 0 0 
13.78 284746 699043 307272 6348 284746 307272 699043 6348 16414 18 19495 8 807 186 2 0 19499 19 0 0 0 0 
13.80 286027 702268 307348 6342 286027 307348 702268 6342 16494 21 19761 13 813 232 2 0 19751 22 0 0 0 0 
13.82 284144 701448 307012 6261 284144 307012 701448 6261 16048 14 19542 8 863 206 7 0 19542 15 0 0 0 0 
13.84 284357 702339 306319 6322 284357 306319 702339 6322 16357 20 19530 11 841 218 3 0 19529 19 0 0 0 0 
13.86 285348 705301 306435 6389 285348 306435 705301 6389 16591 16 19662 4 842 221 0 0 19652 16 0 0 0 0 
13.88 284424 703782 307222 6171 284424 307222 703782 6171 16592 12 19992 10 764 216 0 0 19990 12 0 0 0 0 
13.90 284697 704192 307074 6195 284697 307074 704192 6195 16752 19 20118 18 758 208 2 0 20114 19 0 0 0 0 
13.92 284580 704145 307465 6330 284580 307465 704145 6330 17221 23 19889 14 757 200 0 0 19895 22 0 0 0 0 
13.94 284083 705452 308133 6267 284083 308133 705452 6267 17560 20 20108 14 759 208 1 0 20102 20 0 0 0 0 
13.96 284814 702941 305863 6222 284814 305863 702941 6222 17615 14 19983 18 666 228 0 0 19984 14 0 0 0 0 
13.98 285375 703085 307892 6230 285375 307892 703085 6230 17783 13 20073 17 638 215 1 0 20073 13 0 0 0 0 
14.00 284986 700422 306471 6289 284986 306471 700422 6289 17733 19 20012 8 657 211 2 0 20016 19 0 0 0 0 
14.02 285238 697565 307507 6341 285238 307507 697565 6341 17783 15 20226 7 645 225 2 0 20218 15 0 0 0 0 
14.04 285434 694902 307255 6257 285434 307255 694902 6257 17666 16 20072 10 659 223 5 0 20063 17 0 0 0 0 
14.06 286055 693576 306645 6335 286055 306645 693576 6335 17446 19 20106 11 628 226 0 0 20094 18 0 0 0 0 
14.08 284112 686133 307472 6157 284112 307472 686133 6157 17568 11 19991 17 626 222 0 0 19980 11 0 0 0 0 
14.10 284037 681209 306616 6357 284037 306616 681209 6357 17337 13 19722 10 638 197 3 0 19722 14 0 0 0 0 
14.16 284223 666635 307928 6423 284223 307928 666635 6423 17091 14 19441 8 656 223 2 0 19443 14 0 0 0 0 
14.22 285101 645042 307223 6261 285101 307223 645042 6261 16303 11 18636 12 558 223 1 0 18637 11 0 0 0 0 
14.28 282947 626497 306940 5968 282947 306939 626497 5968 16080 13 18390 13 636 207 3 0 18376 13 0 0 0 0 
14.34 282470 606621 306839 6088 282470 306839 606621 6088 15420 19 17487 7 568 182 2 0 17474 18 0 0 0 0 
14.40 282377 587816 305838 6123 282377 305838 587816 6123 14713 20 16924 9 541 176 3 0 16923 19 0 0 0 0 
14.46 282810 567659 305872 6152 282810 305872 567659 6152 14280 18 16224 8 540 151 1 0 16220 18 0 0 0 0 
14.52 281589 548415 307073 6090 281589 307073 548415 6090 13780 17 15571 9 546 172 2 0 15561 17 0 0 0 0 
14.58 281503 527890 307312 6139 281503 307312 527890 6139 13082 14 15197 9 482 157 1 0 15187 14 0 0 0 0 
14.64 280957 508473 307637 6295 280957 307637 508473 6295 12766 4 14351 10 468 175 1 0 14348 4 0 0 0 0 
14.70 280197 488250 306615 6065 280197 306615 488250 6065 12000 8 13758 7 493 134 1 0 13752 8 0 0 0 0 
14.76 279514 466212 306706 6067 279514 306706 466212 6067 11548 9 12761 8 475 154 2 0 12758 9 0 0 0 0 
