0.00 3114 64134 56847 3760 3114 56847 64134 3760 0 0 7 0 0 0 0 0 6 0 0 0 0 0 
4.00 2703 64439 58952 2278 2703 58952 64439 2278 0 0 2 1 0 1 0 0 2 0 0 0 0 0 
8.00 2177 64423 59201 1779 2177 59201 64423 1779 0 0 14 0 1 1 0 0 11 0 0 0 0 0 
12.00 1843 65772 58575 2434 1843 58575 65772 2434 0 0 6 0 1 1 0 0 6 0 0 0 0 0 
16.00 1688 65735 55744 4014 1688 55744 65735 4014 1 0 9 0 0 0 0 0 6 0 0 0 0 0 
20.00 1583 65630 52701 6741 1583 52701 65630 6741 0 0 3 1 0 0 0 0 1 0 0 0 0 0 
24.00 1894 66319 48645 10617 1894 48645 66319 10617 0 0 11 1 0 2 0 0 12 0 0 0 0 0 
28.00 1995 66833 43934 14645 1995 43934 66833 14645 0 0 4 1 0 1 0 0 5 0 0 0 0 0 
32.00 2419 66564 38320 19615 2419 38320 66564 19615 0 0 4 2 0 2 0 0 5 0 0 0 0 0 
36.00 2899 66338 31957 25227 2899 31957 66338 25227 0 0 2 1 0 1 0 0 2 0 0 0 0 0 
40.00 3463 66456 26154 30493 3463 26154 66456 30493 0 0 4 2 0 2 0 0 3 0 0 0 0 0 
44.00 4426 64489 21596 34947 4426 21596 64489 34947 1 0 3 3 0 3 0 0 3 0 0 0 0 0 
48.00 5322 63976 16055 39686 5322 16055 63976 39686 0 0 2 2 1 3 0 0 2 0 0 0 0 0 
52.00 5879 63796 10600 45177 5879 10600 63796 45177 1 0 1 1 1 3 1 0 1 0 0 0 0 0 
56.00 7932 60563 8018 47256 7932 8018 60563 47256 0 0 2 1 0 9 1 0 2 0 0 0 0 0 
60.00 9012 59223 5017 50289 9012 5017 59223 50289 1 1 0 0 0 6 1 0 0 0 0 0 0 0 
64.00 10980 56370 3384 52631 10980 3384 56370 52631 2 1 0 0 0 6 1 0 0 2 0 0 0 0 
68.00 13369 53487 2592 53221 13369 2592 53487 53221 2 2 0 0 0 7 1 0 0 2 0 0 0 0 
72.00 14833 51063 2492 53720 14833 2492 51063 53720 1 1 0 0 0 5 1 0 0 1 0 0 0 0 
76.00 18090 46884 3285 54314 18090 3285 46884 54314 1 3 0 0 0 3 0 0 0 3 0 0 0 0 
80.00 20347 42936 4722 52620 20347 4722 42936 52620 2 1 1 0 0 2 6 0 1 1 0 0 0 0 
84.00 22996 40162 6944 50663 22996 6944 40162 50663 2 3 0 0 0 1 6 0 1 2 0 0 0 0 
88.00 26150 35683 9689 48476 26150 9689 35683 48476 1 3 0 0 0 4 3 0 0 3 0 0 0 0 
92.00 29687 31272 12782 46092 29687 12782 31272 46092 0 3 2 1 0 4 2 0 2 4 0 0 0 0 
96.00 32286 27297 16174 42247 32286 16174 27297 42247 3 6 0 3 1 1 6 0 0 6 0 0 0 0 
100.00 35796 22818 19604 39660 35796 19604 22818 39660 5 3 0 1 1 1 4 0 0 2 0 0 0 0 
104.00 38633 19271 23958 35589 38633 23958 19271 35589 1 5 0 1 1 0 3 0 0 6 0 0 0 0 
108.00 43599 14215 26821 33174 43599 26821 14215 33174 0 9 0 3 4 2 3 0 0 9 0 0 0 0 
112.00 45983 10870 30412 29574 45983 30412 10870 29574 1 1 1 4 2 0 2 0 1 1 0 0 0 0 
116.00 49165 7300 33671 26156 49165 33671 7300 26156 1 3 0 2 5 1 3 0 0 3 0 0 0 0 
120.00 51681 4840 37067 22229 51681 37067 4840 22229 1 4 0 1 2 0 4 0 0 4 0 0 0 0 
124.00 53909 2818 40257 19671 53909 40257 2818 19671 0 1 0 4 4 0 2 0 0 1 0 0 0 0 
128.00 54292 2060 43016 15821 54292 43016 2060 15821 0 4 1 0 5 0 4 0 1 5 0 0 0 0 
132.00 54682 1937 44853 14278 54682 44853 1937 14278 0 1 1 0 9 0 1 0 1 1 0 0 0 0 
136.00 53942 2514 47978 10859 53942 47978 2514 10859 0 1 1 0 7 0 0 0 1 1 0 0 0 0 
140.00 53248 3894 50543 8364 53248 50543 3894 8364 0 2 0 0 5 0 0 0 0 2 0 0 0 0 
144.00 50862 6928 52410 6702 50862 52410 6928 6702 1 1 1 0 3 0 0 0 1 1 0 0 0 0 
148.00 48344 10858 54510 5165 48344 54510 10858 5165 2 1 0 0 6 0 1 0 0 1 0 0 0 0 
152.00 42686 15601 54218 4218 42686 54218 15601 4218 0 1 1 1 8 0 1 0 2 1 0 0 0 0 
156.00 38789 20892 55935 3434 38789 55935 20892 3434 0 0 3 0 1 0 0 0 4 0 0 0 0 0 
160.00 34144 26741 56711 2515 34144 56711 26741 2515 0 2 3 0 4 0 1 0 2 2 0 0 0 0 
164.00 29291 32981 57719 2019 29291 57719 32981 2019 0 0 4 0 5 1 0 0 4 0 0 0 0 0 
168.00 23915 39143 58884 1805 23915 58884 39143 1805 2 0 9 0 3 0 0 0 9 0 0 0 0 0 
172.00 19105 45171 58176 1711 19105 58176 45171 1711 4 0 4 0 2 0 0 0 4 0 0 0 0 0 
176.00 14174 51541 58819 1711 14174 58819 51541 1711 3 0 10 0 3 0 0 0 9 0 0 0 0 0 
180.00 10482 56225 58420 2120 10482 58420 56225 2120 1 0 4 1 1 0 0 0 4 0 0 0 0 0 
184.00 7070 59978 57570 2543 7070 57570 59978 2543 3 0 10 0 0 0 0 0 8 0 0 0 0 0 
188.00 3863 64658 57645 2951 3863 57645 64658 2951 0 0 15 0 0 0 0 0 15 0 0 0 0 0 
192.00 2124 65649 56718 3211 2124 56718 65649 3211 2 0 9 0 0 1 0 0 10 0 0 0 0 0 
196.00 1568 66830 54558 4112 1568 54558 66830 4112 0 0 9 0 0 1 0 0 11 0 0 0 0 0 
200.00 2461 66673 55257 4320 2461 55257 66673 4320 0 0 9 0 1 3 0 0 8 0 0 0 0 0 
204.00 4827 64148 55348 4612 4827 55348 64148 4612 1 0 5 0 3 1 0 0 5 0 0 0 0 0 
208.00 8040 60166 54028 5348 8040 54028 60166 5348 2 0 8 0 0 0 0 0 8 0 0 0 0 0 
212.00 11042 56658 52422 6551 11042 52422 56658 6551 0 1 5 2 0 1 1 0 6 1 0 0 0 0 
216.00 15709 51367 50499 7770 15709 50499 51367 7770 4 1 8 1 4 1 1 0 9 1 0 0 0 0 
220.00 20777 45600 48624 9889 20777 48624 45600 9889 0 2 5 1 2 0 0 0 5 2 0 0 0 0 
224.00 26099 39150 47297 11020 26099 47297 39150 11020 1 1 4 0 3 1 0 0 3 1 0 0 0 0 
228.00 31435 32573 46159 12749 31435 46159 32573 12749 6 0 2 2 3 1 1 0 2 0 0 0 0 0 
232.00 36917 24969 44975 13464 36917 44975 24969 13464 1 0 3 1 5 1 0 0 3 0 0 0 0 0 
236.00 40762 20167 42502 16782 40762 42502 20167 16782 1 0 3 4 2 0 2 0 3 0 0 0 0 0 
240.00 44956 14832 39841 19214 44956 39841 14832 19214 0 2 0 2 2 2 1 0 0 2 0 0 0 0 
244.00 48384 10440 38139 21945 48384 38139 10440 21945 3 0 1 3 0 0 0 0 1 0 0 0 0 0 
248.00 51230 6464 35747 24683 51230 35747 6464 24683 0 5 0 3 3 1 4 0 0 5 0 0 0 0 
252.00 52353 4166 32278 28665 52353 32278 4166 28665 0 2 0 4 6 0 3 0 0 2 0 0 0 0 
256.00 53318 2700 28988 31974 53318 28988 2700 31974 0 4 1 4 3 0 3 0 1 4 0 0 0 0 
260.00 52847 2022 26446 34579 52847 26446 2022 34579 0 5 0 0 2 0 5 0 0 4 0 0 0 0 
264.00 52731 2189 22487 38940 52731 22487 2189 38940 0 4 0 0 4 1 6 0 0 3 0 0 0 0 
268.00 51929 3241 19703 42010 51929 19703 3241 42010 2 3 0 4 2 0 4 0 0 2 0 0 0 0 
272.00 50763 5465 17166 45306 50763 17166 5465 45306 0 7 1 0 3 1 8 0 1 7 0 0 0 0 
276.00 47797 8004 14051 47598 47797 14051 8004 47598 1 2 0 1 3 5 5 0 0 2 0 0 0 0 
280.00 44917 11396 11464 50348 44917 11464 11396 50348 0 4 0 1 2 2 5 0 0 4 0 0 0 0 
284.00 42273 15648 8617 52654 42273 8617 15648 52654 1 9 1 1 0 5 6 0 0 6 0 0 0 0 
288.00 39366 19005 6463 54125 39366 6463 19005 54125 3 6 0 0 0 1 7 0 0 7 0 0 0 0 
292.00 35406 24873 4911 54727 35406 4911 24873 54727 1 4 0 1 0 2 4 0 0 4 0 0 0 0 
296.00 32163 28995 3387 56228 32163 3387 28995 56228 2 5 0 0 0 3 3 0 0 5 0 0 0 0 
300.00 29601 33439 2602 55848 29601 2602 33439 55848 0 4 0 0 0 5 6 0 0 3 0 0 0 0 
304.00 26234 37670 2427 55688 26234 2427 37670 55688 0 1 0 1 0 6 2 0 0 1 0 0 0 0 
308.00 23780 41615 2986 54583 23780 2986 41615 54583 5 3 0 1 0 2 1 0 0 4 0 0 0 0 
312.00 19883 46353 4130 51772 19883 4130 46353 51772 1 1 0 0 0 6 2 0 0 2 0 0 0 0 
316.00 17448 48580 6171 49741 17448 6171 48580 49741 1 1 0 1 1 5 1 0 0 1 0 0 0 0 
320.00 15679 52287 9073 47937 15679 9073 52287 47937 4 2 0 0 0 11 1 0 0 2 0 0 0 0 
324.00 13333 55063 12975 43994 13333 12975 55063 43994 2 2 0 3 0 3 1 0 0 2 0 0 0 0 
328.00 11499 57111 17422 39036 11499 17422 57111 39036 1 3 0 2 1 6 1 0 1 3 0 0 0 0 
332.00 9875 59483 22104 35018 9875 22104 59483 35018 1 0 5 2 1 3 1 0 4 0 0 0 0 0 
336.00 9091 60628 28776 29546 9091 28776 60628 29546 0 0 1 1 3 8 0 0 1 0 0 0 0 0 
340.00 7214 61824 34026 24337 7214 34026 61824 24337 1 0 2 0 3 4 0 0 4 0 0 0 0 0 
344.00 5909 62565 39578 19712 5909 39578 62565 19712 0 0 6 0 0 2 0 0 4 0 0 0 0 0 
348.00 5051 63580 44940 14542 5051 44940 63580 14542 0 0 7 1 0 0 1 0 6 0 0 0 0 0 
352.00 4154 64175 49971 10214 4154 49971 64175 10214 0 0 6 2 0 1 1 0 5 0 0 0 0 0 
356.00 3817 64799 55496 5812 3817 55496 64799 5812 0 0 5 0 0 1 0 0 5 0 0 0 0 0 
360.00 2800 65777 57628 4165 2800 57628 65777 4165 2 0 8 1 0 0 0 0 7 0 0 0 0 0 
