12.96 212085 166262 173338 535623 212085 173338 166502 535623 650 7382 1630 2508 2044 6121 115 0 1626 7379 0 0 0 0 
13.02 221756 173175 176850 539058 221756 176850 173406 539058 670 7889 1723 2686 2229 6458 127 0 1725 7889 0 0 0 0 
13.08 229810 178892 178219 541064 229810 178219 179085 541064 709 8405 1779 2914 2254 6824 123 0 1780 8401 0 0 0 0 
13.14 239001 187686 180040 542678 239001 180040 188025 542678 792 8965 1934 2986 2355 7297 130 0 1932 8959 0 0 0 0 
13.20 249089 195630 182404 544174 249089 182404 195961 544174 831 9370 2030 3184 2493 7612 134 0 2031 9379 0 0 0 0 
13.26 258583 204025 184757 549186 258583 184757 204367 549186 864 9940 2178 3344 2733 8235 141 0 2176 9936 0 0 0 0 
13.32 268877 211667 189138 549181 268877 189138 212019 549181 940 10598 2378 3575 2845 8532 182 0 2376 10591 0 0 0 0 
13.38 279130 219080 190292 552472 279130 190292 219451 552472 960 11206 2361 3670 3071 9036 171 0 2356 11206 0 0 0 0 
13.44 288142 227089 193724 555747 288142 193724 227422 555747 1089 11833 2492 3873 3066 9311 155 0 2492 11829 0 0 0 0 
13.50 296393 235332 195441 557436 296393 195441 235670 557436 1188 11988 2633 3905 3367 9801 199 0 2635 11991 0 0 0 0 
13.56 303613 240174 196787 560071 303613 196787 240541 560071 1270 12694 2686 4011 3515 10229 177 0 2680 12681 0 0 0 0 
13.62 310818 244496 198925 560264 310818 198925 244939 560264 1190 12966 2826 4371 3582 10557 169 0 2827 12963 0 0 0 0 
13.64 311691 248354 198792 562762 311691 198792 248687 562762 1194 13213 2870 4525 3457 10727 181 0 2868 13206 0 0 0 0 
13.66 316462 247215 200899 561656 316462 200899 247641 561656 1205 13502 2820 4498 3660 10665 210 0 2813 13493 0 0 0 0 
13.68 316320 249819 200082 560446 316320 200082 250247 560446 1188 13410 3000 4382 3670 10916 164 0 3000 13414 0 0 0 0 
13.70 317225 248529 201693 561839 317225 201693 248926 561839 1227 13446 2987 4344 3709 10681 195 0 2991 13442 0 0 0 0 
13.72 317474 251590 200870 562957 317474 200870 251997 562957 1430 13332 3044 4102 3771 10647 181 0 3039 13329 0 0 0 0 
13.74 317494 252404 200877 562516 317494 200877 252853 562516 1407 12810 3027 3788 3709 10437 190 0 3025 12800 0 0 0 0 
13.76 320648 254429 200647 561914 320648 200647 254823 561914 1711 12476 3297 3487 3807 10269 183 0 3285 12471 0 0 0 0 
13.78 323163 254128 201396 561256 323163 201396 254599 561256 1895 12135 3322 3067 4011 9955 177 0 3321 12132 0 0 0 0 
13.80 323465 255116 202154 561320 323465 202154 255566 561320 2088 11620 3457 2600 4047 9590 183 0 3461 11616 0 0 0 0 
13.82 324155 257636 201597 560324 324155 201597 258124 560324 2241 11426 3446 2470 4055 9361 195 0 3445 11417 0 0 0 0 
13.84 324427 258138 201536 560920 324427 201536 258603 560920 2335 10982 3630 2404 4140 9270 193 0 3630 10977 0 0 0 0 
13.86 328645 259612 203078 561449 328645 203078 260058 561449 2371 11439 3508 2568 4061 9417 193 0 3511 11434 0 0 0 0 
13.88 329641 261510 203289 562534 329641 203289 261899 562534 2238 11398 3554 2917 3991 9786 197 0 3550 11403 0 0 0 0 
13.90 329078 260555 202832 562946 329078 202832 260997 562946 2167 12188 3482 3227 4008 9935 198 0 3487 12191 0 0 0 0 
13.92 330605 261932 204703 564486 330605 204703 262430 564486 1879 12902 3519 3643 4057 10235 204 0 3520 12897 0 0 0 0 
13.94 331406 261861 204181 566373 331406 204181 262257 566373 1665 13376 3304 4123 4083 11036 200 0 3303 13379 0 0 0 0 
13.96 331099 261779 204349 566767 331099 204349 262234 566767 1479 13834 3145 4609 3946 11557 225 0 3142 13828 0 0 0 0 
13.98 332487 261694 204436 563750 332487 204436 262018 563750 1380 14504 3148 4955 3948 11797 199 0 3144 14510 0 0 0 0 
14.00 332519 262370 205593 566223 332519 205593 262711 566223 1303 14920 3064 5161 3967 12048 187 0 3067 14893 0 0 0 0 
14.02 333197 262565 205686 564502 333197 205686 263048 564502 1190 15029 3075 5182 4074 12168 173 0 3075 15029 0 0 0 0 
14.04 332396 262562 204778 566079 332396 204778 263019 566079 1186 15230 3228 5033 3904 12129 191 0 3231 15224 0 0 0 0 
14.06 332630 261645 203905 567252 332630 203905 262054 567252 1225 14987 3144 5117 3936 12076 172 0 3142 14984 0 0 0 0 
14.08 332873 261091 204720 565451 332873 204720 261493 565451 1292 14905 3170 5116 4032 12045 183 0 3165 14901 0 0 0 0 
14.10 331645 259791 204868 564091 331645 204868 260255 564091 1314 14867 3158 4944 4148 11617 198 0 3157 14869 0 0 0 0 
14.16 328534 256707 204356 564169 328534 204356 257027 564169 1390 14643 3135 4851 4091 11883 171 0 3130 14639 0 0 0 0 
14.22 322047 253946 201915 561923 322047 201915 254406 561923 1275 14363 3098 4789 3852 11584 205 0 3095 14353 0 0 0 0 
14.28 317296 249864 201976 563090 317296 201976 250237 563090 1242 14489 3024 4853 3930 11560 175 0 3021 14475 0 0 0 0 
14.34 311264 244785 198764 560068 311264 198764 245188 560068 1221 13900 2960 4529 3677 11035 195 0 2953 13902 0 0 0 0 
14.40 306289 236551 198051 556527 306289 198051 236893 556527 1172 13312 2851 4529 3616 10748 192 0 2851 13306 0 0 0 0 
14.46 298533 233320 196175 557414 298533 196175 233707 557414 1111 13110 2744 4252 3597 10480 178 0 2744 13106 0 0 0 0 
14.52 291020 227227 194125 553630 291020 194125 227553 553630 1203 12810 2744 4242 3549 10061 152 0 2748 12811 0 0 0 0 
14.58 283917 221963 192587 552774 283917 192587 222266 552774 1136 12432 2638 4160 3332 9912 170 0 2637 12424 0 0 0 0 
14.64 275037 217006 189956 552291 275037 189956 217312 552291 1039 11897 2510 3833 3202 9631 172 0 2512 11892 0 0 0 0 
14.70 268639 209464 188702 551000 268639 188702 209778 551000 1037 11547 2451 3839 3150 9169 142 0 2450 11547 0 0 0 0 
14.76 258718 200578 185531 544649 258718 185531 200846 544649 974 10654 2382 3603 2905 8685 148 0 2382 10653 0 0 0 0 
