0.00 25865 182390 89612 11291 25865 89612 182390 11291 11 3 40 1 6 6 1 0 37 3 0 0 0 0 
4.00 23449 186078 88815 11835 23449 88815 186078 11835 4 0 32 2 4 6 0 0 31 0 0 0 0 0 
8.00 19663 190732 86522 13956 19663 86522 190732 13956 9 2 41 0 5 3 3 0 42 2 0 0 0 0 
12.00 16771 194550 82797 17108 16771 82797 194550 17108 12 1 36 2 3 10 0 0 35 1 0 0 0 0 
16.00 14329 197858 77627 21120 14329 77627 197858 21120 5 2 25 2 1 13 0 0 27 2 0 0 0 0 
20.00 13245 198461 69960 28074 13245 69960 198461 28074 9 2 23 3 3 13 3 0 21 2 0 0 0 0 
24.00 11462 202507 63542 33128 11462 63542 202507 33128 3 0 29 5 1 4 0 0 28 0 0 0 0 0 
28.00 10362 204729 55259 40019 10362 55259 204729 40019 3 0 24 6 1 14 0 0 24 0 0 0 0 0 
32.00 9998 205468 46551 47750 9998 46551 205468 47750 3 0 15 8 2 11 0 0 13 0 0 0 0 0 
36.00 9814 206994 38644 55074 9814 38644 206994 55074 7 1 13 5 2 15 2 0 16 1 0 0 0 0 
40.00 9407 208036 31782 60556 9407 31782 208036 60556 3 0 16 4 0 22 0 0 17 0 0 0 0 0 
44.00 9655 206878 25051 66007 9655 25051 206878 66007 3 1 17 2 0 27 1 0 13 1 0 0 0 0 
48.00 10831 206411 20371 70225 10831 20371 206411 70225 7 2 8 3 1 29 0 0 7 1 0 0 0 0 
52.00 12359 205309 16689 74075 12359 16689 205309 74075 2 2 5 2 0 32 2 0 5 2 0 0 0 0 
56.00 14612 201576 14306 77023 14612 14306 201576 77023 5 2 5 2 0 35 2 0 5 2 0 0 0 0 
60.00 15999 200726 12623 77967 15999 12623 200726 77967 3 0 3 1 0 44 3 0 2 0 0 0 0 0 
64.00 18287 196846 13004 77751 18287 13004 196846 77751 13 4 7 3 0 29 4 0 5 3 0 0 0 0 
68.00 23297 189151 13854 77277 23297 13854 189151 77277 10 6 3 2 0 34 5 0 4 7 0 0 0 0 
72.00 27654 182804 16664 76242 27654 16664 182804 76242 10 5 4 0 1 30 3 0 4 5 0 0 0 0 
76.00 33561 175857 20189 73621 33561 20189 175857 73621 16 9 5 4 2 26 6 0 6 8 0 0 0 0 
80.00 40159 166534 24027 70365 40159 24027 166534 70365 18 4 8 2 4 28 3 0 6 5 0 0 0 0 
84.00 45934 156566 28567 67275 45934 28567 156566 67275 13 6 9 5 6 23 4 0 6 5 0 0 0 0 
88.00 56158 145330 33362 62567 56158 33362 145330 62567 21 9 8 3 4 21 5 0 8 7 0 0 0 0 
92.00 65497 131986 38457 58837 65497 38457 131986 58837 21 4 10 3 5 11 7 0 9 3 0 0 0 0 
96.00 75861 119577 43374 54290 75861 43374 119577 54290 24 10 14 1 13 9 7 0 15 12 0 0 0 0 
100.00 88814 100922 46480 52049 88814 46480 100922 52049 17 4 10 2 12 13 4 0 14 4 0 0 0 0 
104.00 98708 91027 51520 47917 98708 51520 91027 47917 26 7 10 3 15 4 9 0 12 8 0 0 0 0 
108.00 110750 76319 57212 42398 110750 57212 76319 42398 16 6 7 5 12 5 9 0 6 6 0 0 0 0 
112.00 123384 59502 60797 38983 123384 60797 59502 38983 24 6 10 4 17 7 11 0 9 9 0 0 0 0 
116.00 132673 48434 64125 35263 132673 64125 48434 35263 12 3 5 1 16 2 8 0 6 5 0 0 0 0 
120.00 141677 36001 68804 31243 141677 68804 36001 31243 13 11 9 3 23 2 11 0 9 10 0 0 0 0 
124.00 153499 22327 70797 29244 153499 70797 22327 29244 8 11 3 5 19 3 11 0 3 10 0 0 0 0 
128.00 157792 14628 74301 25662 157792 74301 14628 25662 6 2 2 5 16 3 6 0 1 5 0 0 0 0 
132.00 162270 10083 77924 22498 162270 77924 10083 22498 5 9 3 2 25 2 9 0 3 8 0 0 0 0 
136.00 166549 5943 80809 20142 166549 80809 5943 20142 1 6 1 2 24 0 8 0 1 6 0 0 0 0 
140.00 167201 4744 82668 18335 167201 82668 4744 18335 3 8 1 2 25 0 4 0 1 8 0 0 0 0 
144.00 166198 6555 83828 16850 166198 83828 6555 16850 2 3 0 3 20 0 3 0 0 1 0 0 0 0 
148.00 160405 12498 84413 16335 160405 84413 12498 16335 3 8 4 2 30 0 5 0 3 9 0 0 0 0 
152.00 152201 19618 85102 15956 152201 85102 19618 15956 4 3 3 4 28 0 4 0 3 3 0 0 0 0 
156.00 143859 32081 85529 15122 143859 85529 32081 15122 13 6 3 0 23 2 2 0 4 6 0 0 0 0 
160.00 130265 50303 85872 14550 130265 85872 50303 14550 13 1 12 4 26 1 0 0 11 1 0 0 0 0 
164.00 118835 65353 85490 15020 118835 85490 65353 15020 23 2 15 1 18 5 4 0 13 2 0 0 0 0 
168.00 104535 82896 85407 15365 104535 85407 82896 15365 14 3 17 2 17 3 2 0 15 3 0 0 0 0 
172.00 87153 104806 85027 15623 87153 85027 104806 15623 12 2 19 0 14 5 5 0 19 2 0 0 0 0 
176.00 72131 123745 84646 16409 72131 84646 123745 16409 16 1 18 5 11 7 1 0 19 1 0 0 0 0 
180.00 56286 144307 83150 16727 56286 83150 144307 16727 18 1 24 6 3 4 1 0 26 0 0 0 0 0 
184.00 40241 164281 82047 16834 40241 82047 164281 16834 9 2 24 4 9 4 2 0 28 3 0 0 0 0 
188.00 29357 178012 80858 17786 29357 80858 178012 17786 8 2 35 2 3 6 1 0 33 2 0 0 0 0 
192.00 19823 189591 77912 19037 19823 77912 189591 19037 10 1 30 2 1 10 0 0 31 1 0 0 0 0 
196.00 12656 198591 76915 19473 12656 76915 198591 19473 5 1 27 4 1 8 0 0 28 1 0 0 0 0 
200.00 9660 204604 75870 19756 9660 75870 204604 19756 7 0 29 3 3 5 0 0 26 0 0 0 0 0 
204.00 9980 205653 72963 22279 9980 72963 205653 22279 10 0 30 4 1 8 0 0 32 0 0 0 0 0 
208.00 13397 201647 70159 23957 13397 70159 201647 23957 9 2 32 6 1 5 2 0 33 2 0 0 0 0 
212.00 20016 191497 67880 26205 20016 67880 191497 26205 10 1 28 2 6 9 1 0 26 1 0 0 0 0 
216.00 29257 182251 65002 28160 29257 65002 182251 28160 9 4 27 4 3 17 2 0 29 2 0 0 0 0 
220.00 40137 168526 62254 30932 40137 62254 168526 30932 14 3 20 4 5 8 3 0 19 2 0 0 0 0 
224.00 57654 147273 61765 32160 57654 61765 147273 32160 23 6 19 8 13 5 8 0 23 4 0 0 0 0 
228.00 68976 132928 56813 36932 68976 56813 132928 36932 22 10 13 4 8 8 6 0 11 8 0 0 0 0 
232.00 87473 108120 55201 39280 87473 55201 108120 39280 19 6 12 5 10 9 9 0 9 5 0 0 0 0 
236.00 100631 88976 52261 42385 100631 52261 88976 42385 16 7 10 7 5 6 7 0 10 7 0 0 0 0 
240.00 118556 67042 50837 45634 118556 50837 67042 45634 20 7 9 2 7 5 13 0 9 7 0 0 0 0 
244.00 129460 52841 46346 50726 129460 46346 52841 50726 17 11 7 7 15 6 15 0 7 10 0 0 0 0 
248.00 138676 39926 41796 55601 138676 41796 39926 55601 10 19 2 6 13 2 10 0 2 21 0 0 0 0 
252.00 147818 27452 38330 61090 147818 38330 27452 61090 7 23 5 3 15 5 20 0 4 23 0 0 0 0 
256.00 155349 16500 36180 64523 155349 36180 16500 64523 3 16 3 9 11 2 16 0 3 16 0 0 0 0 
260.00 159592 10908 31026 70808 159592 31026 10908 70808 7 24 0 6 10 1 21 0 0 25 0 0 0 0 
264.00 161865 6155 28195 74589 161865 28195 6155 74589 2 22 0 2 10 0 22 0 0 18 0 0 0 0 
268.00 163074 4325 23995 78177 163074 23995 4325 78177 1 26 0 2 12 1 25 0 0 24 0 0 0 0 
272.00 162018 5079 22256 80541 162018 22256 5079 80541 4 33 1 3 7 2 37 0 1 28 0 0 0 0 
276.00 159228 7747 18268 84110 159228 18268 7747 84110 6 39 0 2 4 2 32 0 0 38 0 0 0 0 
280.00 153824 15310 17304 84941 153824 17304 15310 84941 4 17 3 1 9 3 24 0 3 20 0 0 0 0 
284.00 149397 22213 15192 86248 149397 15192 22213 86248 7 27 1 2 2 5 27 0 1 23 0 0 0 0 
288.00 139875 32168 14051 86059 139875 14051 32167 86059 10 26 2 3 5 6 28 0 2 26 0 0 0 0 
292.00 130386 44573 13362 85601 130386 13362 44573 85601 12 28 1 1 2 8 29 0 1 28 0 0 0 0 
296.00 123806 55240 13182 85978 123806 13182 55240 85978 14 25 3 4 5 11 25 0 1 24 0 0 0 0 
300.00 117005 64700 13939 83409 117005 13939 64700 83409 15 25 1 2 3 9 28 0 1 24 0 0 0 0 
304.00 109637 74177 16126 81030 109637 16126 74177 81030 12 23 2 3 6 10 18 0 3 24 0 0 0 0 
308.00 99224 88317 18687 76863 99224 18687 88317 76863 25 25 4 3 4 19 17 0 4 23 0 0 0 0 
312.00 86199 100513 22006 72164 86199 22006 100513 72164 17 10 4 4 4 17 13 0 3 10 0 0 0 0 
316.00 79092 108537 26315 66629 79092 26315 108537 66629 22 8 8 7 3 11 8 0 7 7 0 0 0 0 
320.00 75411 119127 32453 61754 75411 32453 119127 61754 24 10 5 7 7 9 6 0 4 9 0 0 0 0 
324.00 67499 129681 37738 55038 67499 37738 129681 55038 18 5 12 4 4 15 9 0 11 6 0 0 0 0 
328.00 62074 135485 45589 48313 62074 45589 135485 48313 23 9 13 3 5 8 10 0 13 9 0 0 0 0 
332.00 54601 143888 52306 41540 54601 52306 143888 41540 13 3 19 9 2 4 6 0 21 4 0 0 0 0 
336.00 47923 152598 59302 35208 47923 59302 152598 35208 15 2 13 7 4 10 2 0 16 2 0 0 0 0 
340.00 43598 157667 66588 28152 43598 66588 157667 28152 9 1 26 1 5 5 2 0 26 1 0 0 0 0 
344.00 36217 164720 72239 23491 36217 72239 164720 23491 16 4 25 6 3 9 1 0 21 4 0 0 0 0 
348.00 34911 165666 79329 17315 34911 79329 165666 17315 8 1 33 4 9 6 2 0 33 1 0 0 0 0 
352.00 31827 169663 83189 14030 31827 83189 169663 14030 12 3 26 1 9 6 2 0 28 3 0 0 0 0 
356.00 28764 173984 86015 11700 28764 86015 173984 11700 11 0 27 1 4 5 0 0 28 0 0 0 0 0 
360.00 23370 179561 86774 10890 23370 86774 179561 10890 6 0 36 3 3 4 0 0 39 0 0 0 0 0 
