12.96 230930 468018 333712 227717 230930 333712 468018 227717 5421 2491 7811 3614 3297 5060 66 0 7809 2491 0 0 0 0 
13.02 233914 475693 336229 230172 233914 336229 475693 230172 5447 2571 8142 3787 3405 5206 46 0 8145 2570 0 0 0 0 
13.08 235196 484198 339974 234569 235196 339974 484198 234569 5642 2855 8422 3967 3513 5473 60 0 8419 2858 0 0 0 0 
13.14 238546 491332 344442 237111 238546 344442 491332 237111 6036 2818 8761 4126 3614 5631 54 0 8761 2815 0 0 0 0 
13.20 242268 498868 347253 241441 242268 347253 498868 241441 6291 2980 9037 4162 3798 5912 62 0 9028 2982 0 0 0 0 
13.26 247719 503685 350336 245946 247719 350336 503685 245946 6583 3103 9332 4302 3843 6002 68 0 9320 3102 0 0 0 0 
13.32 246994 513597 354300 249280 246994 354300 513597 249280 6627 3209 9580 4747 3943 6150 58 0 9581 3210 0 0 0 0 
13.38 252893 512858 355013 252217 252893 355013 512858 252217 6843 3274 9623 4618 4232 6190 72 0 9614 3273 0 0 0 0 
13.44 250497 524940 357105 254551 250497 357105 524940 254551 7144 3204 9967 4681 4220 6428 78 0 9962 3197 0 0 0 0 
13.50 251792 527726 358551 255560 251792 358551 527726 255560 7050 3259 10032 4812 4252 6324 65 0 10029 3251 0 0 0 0 
13.56 252106 530970 361413 255814 252106 361413 530970 255814 7244 3298 10163 4771 4223 6557 66 0 10157 3300 0 0 0 0 
13.62 253292 533617 362554 255828 253292 362554 533617 255828 7159 3397 10596 4626 4614 6873 69 0 10590 3399 0 0 0 0 
13.64 255574 527990 361780 256965 255574 361780 527990 256965 6887 3382 10347 4497 4575 6780 66 0 10334 3377 0 0 0 0 
13.66 256911 529138 361179 258396 256911 361179 529138 258396 7073 3597 10538 4650 4576 6851 71 0 10535 3595 0 0 0 0 
13.68 256774 528134 361051 258860 256774 361051 528134 258860 7079 3547 10318 4792 4424 6740 72 0 10308 3555 0 0 0 0 
13.70 256041 529520 361958 257784 256041 361958 529520 257784 7033 3297 9762 5006 4335 6365 74 0 9760 3297 0 0 0 0 
13.72 254915 526861 361631 258501 254915 361631 526861 258501 7102 2982 8431 5587 4168 5650 67 0 8431 2979 0 0 0 0 
13.74 252471 530335 359337 257652 252471 359337 530335 257652 7162 2700 7340 6072 3798 5023 73 0 7335 2704 0 0 0 0 
13.76 257027 520745 359736 258131 257027 359736 520745 258131 7256 2307 5858 6808 3552 4096 78 0 5848 2299 0 0 0 0 
13.78 254186 522479 359828 256625 254186 359828 522479 256625 7480 1877 4513 7252 3126 3248 64 0 4516 1873 0 0 0 0 
13.80 253584 519953 357879 256764 253584 357879 519953 256764 7685 1453 3225 7898 2814 2511 63 0 3214 1454 0 0 0 0 
13.82 254026 519421 358674 255332 254026 358674 519421 255332 7730 1190 2417 8192 2530 2042 59 0 2405 1195 0 0 0 0 
13.84 251028 521290 357835 255150 251028 357835 521290 255150 7843 1107 2139 8568 2363 1881 57 0 2124 1107 0 0 0 0 
13.86 253959 513837 356336 254983 253959 356336 513837 254983 7944 1170 2280 8316 2449 2024 56 0 2275 1162 0 0 0 0 
13.88 252229 517784 357241 253697 252229 357241 517784 253697 7651 1435 3111 7800 2543 2565 72 0 3107 1434 0 0 0 0 
13.90 253521 514921 356933 254098 253521 356933 514921 254098 7541 1626 4415 7318 2863 3226 73 0 4403 1623 0 0 0 0 
13.92 252569 514419 356752 253051 252569 356752 514419 253051 7265 2019 5585 6441 3173 4003 64 0 5582 2022 0 0 0 0 
13.94 252157 515821 356259 253378 252157 356259 515821 253378 7124 2520 7280 5798 3476 4973 61 0 7277 2518 0 0 0 0 
13.96 252388 511945 355748 253368 252388 355748 511945 253368 6839 2814 8205 5031 3691 5454 74 0 8212 2815 0 0 0 0 
13.98 252380 513030 354824 253127 252380 354824 513030 253127 6634 3109 9053 4523 3947 5909 55 0 9052 3109 0 0 0 0 
14.00 251749 511229 354644 252536 251749 354644 511229 252536 6262 3279 9574 4203 4193 6321 57 0 9570 3285 0 0 0 0 
14.02 249588 511947 355623 250362 249588 355623 511947 250362 6148 3281 9907 4113 4053 6291 74 0 9902 3281 0 0 0 0 
14.04 252420 505071 352969 249623 252420 352969 505071 249623 6161 3255 9605 4000 4156 6338 60 0 9603 3252 0 0 0 0 
14.06 251437 502698 353707 250502 251437 353707 502698 250502 6164 3263 9386 4149 4048 6180 57 0 9376 3257 0 0 0 0 
14.08 252265 497444 352595 248683 252265 352595 497444 248683 6037 3070 8885 4157 3984 5837 71 0 8878 3070 0 0 0 0 
14.10 250196 496872 349856 247394 250196 349856 496872 247394 6058 3020 8492 4097 3872 5478 67 0 8485 3015 0 0 0 0 
14.16 244521 488591 346846 244036 244521 346846 488591 244036 5761 2787 8146 4153 3626 5422 73 0 8138 2791 0 0 0 0 
14.22 241810 478709 343777 238505 241810 343777 478709 238505 5585 2657 7862 3864 3608 5090 55 0 7845 2656 0 0 0 0 
14.28 239118 465055 339023 233218 239118 339023 465055 233218 5173 2469 7302 3587 3483 4702 37 0 7298 2469 0 0 0 0 
14.34 235879 455282 333398 229271 235879 333398 455282 229271 4819 2233 6827 3490 3039 4494 50 0 6820 2235 0 0 0 0 
14.40 231528 447213 330639 224121 231528 330639 447213 224121 4563 2277 6597 3155 2970 4293 53 0 6598 2277 0 0 0 0 
14.46 227251 441296 327472 219746 227251 327472 441296 219746 4268 2080 6203 2987 2756 4066 36 0 6196 2079 0 0 0 0 
14.52 225152 432009 323937 215570 225152 323937 432009 215570 4117 1955 5786 2843 2485 3770 52 0 5781 1953 0 0 0 0 
14.58 224335 418384 319284 211656 224335 319284 418384 211656 3847 1898 5589 2709 2373 3530 35 0 5573 1897 0 0 0 0 
14.64 220166 407768 314116 207751 220166 314116 407768 207751 3453 1785 4960 2436 2317 3339 63 0 4959 1785 0 0 0 0 
14.70 216258 402937 311910 202965 216258 311910 402937 202965 3352 1667 4820 2258 2058 3089 63 0 4819 1664 0 0 0 0 
14.76 213138 390467 307370 198657 213138 307370 390467 198657 3088 1469 4370 2112 1945 2868 32 0 4370 1470 0 0 0 0 
