12.96 148960 352991 223046 409537 148960 223046 352991 409537 2726 1972 3840 3411 1281 7914 65 0 3838 1969 0 0 0 0 
13.02 149996 363511 224976 415364 149996 224976 363511 415364 2724 2016 4005 3542 1325 8217 74 0 4009 2015 0 0 0 0 
13.08 152287 373049 227552 418103 152287 227552 373049 418103 3002 2129 4222 3647 1411 8788 54 0 4220 2129 0 0 0 0 
13.14 154213 385793 231837 422350 154213 231837 385793 422350 3065 2367 4320 3822 1418 9209 52 0 4318 2363 0 0 0 0 
13.20 157401 398640 236524 426624 157401 236524 398640 426624 3253 2469 4703 4065 1658 9645 61 0 4698 2463 0 0 0 0 
13.26 159314 410522 241343 429393 159314 241343 410522 429393 3362 2556 4850 4283 1649 10045 56 0 4852 2551 0 0 0 0 
13.32 161771 423741 245798 433120 161771 245798 423741 433120 3525 2843 5100 4470 1767 10648 58 0 5097 2839 0 0 0 0 
13.38 162350 433168 248477 436264 162350 248477 433168 436264 3603 2760 5315 4647 1818 10811 99 0 5308 2755 0 0 0 0 
13.44 165608 446494 253049 440468 165608 253049 446494 440468 3807 2748 5701 4974 1841 11339 79 0 5688 2741 0 0 0 0 
13.50 167200 458579 255657 444638 167200 255657 458579 444638 4040 2995 5778 5031 1849 11563 89 0 5775 2991 0 0 0 0 
13.56 169594 468127 260564 446264 169594 260564 468127 446264 4098 3114 5953 5184 2039 12295 75 0 5947 3115 0 0 0 0 
13.62 171178 477434 262210 451552 171178 262210 477434 451552 3935 3355 6206 5221 2095 13101 64 0 6205 3359 0 0 0 0 
13.64 171266 478514 263679 451587 171266 263679 478514 451587 4026 3357 6286 5247 2123 12991 62 0 6290 3361 0 0 0 0 
13.66 170457 479062 263333 450862 170457 263333 479062 450862 3983 3386 6271 5045 2125 13152 81 0 6263 3383 0 0 0 0 
13.68 171642 483177 263703 454981 171642 263703 483177 454981 4220 3328 6161 5371 2117 13084 97 0 6162 3324 0 0 0 0 
13.70 172324 483825 264746 453056 172324 264746 483825 453056 4347 3305 6029 5524 2006 12541 86 0 6031 3304 0 0 0 0 
13.72 172178 485224 265588 453117 172178 265588 485224 453117 4611 2964 5576 5953 1814 11556 77 0 5578 2962 0 0 0 0 
13.74 172948 485233 264945 452348 172948 264945 485233 452348 5208 2577 4962 6283 1659 10601 77 0 4957 2583 0 0 0 0 
13.76 172230 489045 265926 454138 172230 265926 489045 454138 5744 2230 4326 6919 1269 9705 80 0 4324 2226 0 0 0 0 
13.78 173401 489177 267375 451660 173401 267375 489177 451660 6309 1713 3735 7520 1028 8152 75 0 3730 1706 0 0 0 0 
13.80 172372 491347 266154 453191 172372 266154 491347 453191 6909 1239 2923 8199 618 6982 62 0 2917 1236 0 0 0 0 
13.82 174619 494755 269329 453407 174619 269329 494755 453407 7163 868 2523 8610 417 6466 59 0 2526 867 0 0 0 0 
13.84 174080 492517 269734 453806 174080 269734 492517 453806 7370 682 2300 8730 282 5963 79 0 2304 681 0 0 0 0 
13.86 174549 498415 269388 454865 174549 269388 498415 454865 7551 688 2430 8798 368 6015 81 0 2422 691 0 0 0 0 
13.88 174310 499385 270458 455860 174310 270458 499385 455860 7176 921 2782 8624 490 6769 102 0 2786 912 0 0 0 0 
13.90 174747 501221 269850 459118 174747 269850 501221 459118 6700 1321 3556 8068 792 7946 73 0 3549 1322 0 0 0 0 
13.92 175040 504079 271720 459051 175040 271720 504079 459051 6121 1780 4287 7397 1083 9174 77 0 4279 1775 0 0 0 0 
13.94 174956 505675 271402 460983 174956 271402 505675 460983 5486 2328 5061 7005 1398 10924 90 0 5059 2325 0 0 0 0 
13.96 175600 506522 269947 461628 175600 269947 506522 461628 5088 2898 5885 6473 1747 12365 87 0 5887 2895 0 0 0 0 
13.98 175300 508771 273147 461588 175300 273147 508771 461588 4594 3331 6420 5771 1968 13285 82 0 6419 3326 0 0 0 0 
14.00 175185 508489 273857 459085 175185 273857 508489 459085 4283 3374 6783 5554 2236 13696 80 0 6791 3381 0 0 0 0 
14.02 176021 510474 272661 461972 176021 272661 510474 461972 4145 3580 7049 5401 2294 14248 92 0 7043 3573 0 0 0 0 
14.04 175292 510101 272971 462698 175292 272971 510101 462698 3970 3679 6653 5310 2341 14112 88 0 6655 3674 0 0 0 0 
14.06 175243 510138 272572 462284 175243 272572 510138 462284 4170 3584 6822 5365 2259 14013 109 0 6821 3585 0 0 0 0 
14.08 175660 508712 271682 464831 175660 271682 508712 464831 4282 3546 6545 5520 2229 13649 84 0 6537 3538 0 0 0 0 
14.10 175552 508376 272111 462934 175552 272111 508376 462934 4464 3367 6558 5668 2148 13278 97 0 6552 3372 0 0 0 0 
14.16 174333 502282 270648 462111 174333 270648 502282 462111 4382 3240 6274 5575 2048 12853 73 0 6277 3239 0 0 0 0 
14.22 172548 497941 268626 460697 172548 268626 497941 460697 4165 3061 6231 5296 1982 12661 81 0 6229 3057 0 0 0 0 
14.28 172646 492728 266356 459449 172646 266357 492728 459449 4003 3065 5933 5152 1987 12270 71 0 5931 3067 0 0 0 0 
14.34 171150 485950 265651 455854 171150 265651 485950 455854 3904 3055 5852 5017 1913 11857 88 0 5848 3054 0 0 0 0 
14.40 169467 479075 263443 451515 169467 263443 479075 451515 3738 2866 5578 4894 1848 11468 69 0 5567 2868 0 0 0 0 
14.46 168172 471009 259980 452258 168172 259980 471009 452258 3559 2802 5295 4660 1755 11131 72 0 5289 2800 0 0 0 0 
14.52 166846 460588 257304 448541 166846 257304 460588 448541 3498 2700 5059 4584 1644 10506 78 0 5066 2701 0 0 0 0 
14.58 164581 452118 253084 446393 164581 253084 452118 446393 3324 2551 4969 4167 1564 10117 63 0 4970 2549 0 0 0 0 
14.64 163420 442600 249849 444800 163420 249849 442600 444800 3191 2406 4637 4107 1524 9518 66 0 4643 2411 0 0 0 0 
14.70 161505 433343 248569 438190 161505 248569 433343 438190 2967 2388 4450 3863 1432 9171 70 0 4448 2383 0 0 0 0 
14.76 158958 421922 245395 434916 158958 245395 421922 434916 2806 2261 4147 3650 1343 8675 78 0 4141 2265 0 0 0 0 
