0.00 25680 126328 23759 100675 25680 23759 126328 100675 6 5 9 3 4 20 7 0 9 3 0 0 0 0 
4.00 23407 129018 23801 99858 23407 23801 129018 99858 7 8 7 6 3 26 2 0 5 8 0 0 0 0 
8.00 23223 130086 26097 97914 23223 26097 130086 97914 5 7 13 3 2 25 7 0 12 6 0 0 0 0 
12.00 21250 132711 29530 94561 21250 29530 132711 94561 7 10 10 5 0 34 9 0 10 8 0 0 0 0 
16.00 19651 134040 34744 89317 19651 34744 134040 89317 7 1 7 4 1 20 1 0 6 1 0 0 0 0 
20.00 18712 134644 42138 83295 18712 42138 134644 83295 6 3 11 8 2 22 4 0 10 4 0 0 0 0 
24.00 17760 135898 50983 76006 17760 50983 135898 76006 9 5 15 15 2 21 0 0 14 5 0 0 0 0 
28.00 16727 136419 59496 67309 16727 59496 136419 67309 5 4 17 10 1 17 1 0 17 4 0 0 0 0 
32.00 16311 136384 69407 59443 16311 69407 136384 59443 4 6 15 12 1 17 7 0 17 6 0 0 0 0 
36.00 16068 136127 78305 51229 16068 78305 136127 51229 8 2 27 7 4 5 4 0 22 2 0 0 0 0 
40.00 16326 135911 86751 43677 16326 86751 135911 43677 4 2 22 6 6 13 1 0 21 2 0 0 0 0 
44.00 16266 134789 95794 36212 16266 95794 134789 36212 1 1 29 11 3 13 1 0 28 1 0 0 0 0 
48.00 16919 133966 102287 29701 16919 102287 133966 29701 3 0 25 7 0 7 0 0 25 0 0 0 0 0 
52.00 18219 133164 107157 25422 18219 107157 133164 25422 3 2 30 5 6 8 1 0 30 2 0 0 0 0 
56.00 19718 131106 110643 21256 19718 110643 131106 21256 3 4 29 3 3 4 3 0 26 3 0 0 0 0 
60.00 21682 128468 113359 19687 21682 113359 128468 19687 4 0 30 4 7 7 0 0 31 0 0 0 0 0 
64.00 24557 125733 113901 18751 24557 113901 125734 18751 1 1 32 3 9 1 0 0 31 1 0 0 0 0 
68.00 26804 121990 113009 19004 26804 113009 121990 19004 11 2 34 5 7 9 2 0 35 2 0 0 0 0 
72.00 31075 118136 110390 20832 31075 110390 118136 20832 9 0 26 6 5 8 1 0 23 0 0 0 0 0 
76.00 35266 113169 106857 24244 35266 106857 113169 24244 7 1 19 4 11 8 3 0 22 0 0 0 0 0 
80.00 40249 107300 103079 27839 40249 103079 107300 27839 6 2 18 8 13 5 2 0 15 2 0 0 0 0 
84.00 44958 101093 98032 32675 44958 98032 101093 32675 10 1 27 7 5 10 0 0 28 3 0 0 0 0 
88.00 49475 96017 91366 38984 49475 91366 96017 38984 6 2 22 6 7 6 4 0 19 2 0 0 0 0 
92.00 56301 87653 85206 44291 56300 85206 87653 44291 13 6 14 10 11 8 7 0 15 5 0 0 0 0 
96.00 62904 79095 78689 50766 62904 78689 79095 50766 11 5 10 12 9 9 11 0 10 4 0 0 0 0 
100.00 68179 71193 71695 58378 68179 71695 71193 58378 6 4 8 6 11 6 6 0 7 5 0 0 0 0 
104.00 75134 61994 67251 64069 75134 67251 61994 64069 12 7 5 8 12 9 5 0 4 9 0 0 0 0 
108.00 82085 53246 60302 71677 82085 60302 53246 71677 10 9 1 4 11 9 11 0 1 8 0 0 0 0 
112.00 88905 43368 55896 76385 88905 55896 43368 76385 5 16 1 11 11 4 18 0 2 15 0 0 0 0 
116.00 94229 35464 49812 83926 94229 49812 35464 83926 5 20 5 9 6 2 24 0 2 19 0 0 0 0 
120.00 99421 27140 45518 88919 99421 45518 27140 88919 6 25 3 7 10 3 16 0 5 27 0 0 0 0 
124.00 103054 21388 41163 94822 103054 41163 21388 94822 4 15 2 13 10 6 24 0 2 17 0 0 0 0 
128.00 105677 15964 36789 99902 105677 36789 15964 99902 2 20 1 7 7 4 23 0 1 20 0 0 0 0 
132.00 109383 12094 34271 103340 109383 34271 12094 103340 3 26 0 6 4 4 22 0 0 24 0 0 0 0 
136.00 108851 10178 31041 106179 108851 31041 10178 106179 5 27 1 4 14 0 25 0 1 28 0 0 0 0 
140.00 110200 10236 28247 110286 110200 28247 10236 110286 1 21 0 8 9 1 21 0 0 24 0 0 0 0 
144.00 108979 12457 26259 111634 108979 26259 12457 111634 2 26 2 9 7 0 23 0 1 28 0 0 0 0 
148.00 106315 16554 24559 113057 106315 24559 16554 113057 2 19 0 3 4 8 19 0 0 19 0 0 0 0 
152.00 101188 22401 23974 113207 101188 23974 22401 113207 6 29 1 5 2 5 26 0 2 27 0 0 0 0 
156.00 95369 29909 23489 111748 95369 23489 29909 111748 7 24 0 12 2 5 24 0 0 23 0 0 0 0 
160.00 89234 40413 23356 112161 89234 23356 40413 112161 8 20 3 3 5 11 25 0 2 18 0 0 0 0 
164.00 81169 52593 23216 110316 81169 23216 52593 110316 9 26 1 6 0 14 26 0 0 27 0 0 0 0 
168.00 71331 65794 23710 109035 71331 23710 65794 109035 8 20 6 3 3 7 19 0 6 19 0 0 0 0 
172.00 63352 78146 24412 106767 63352 24412 78146 106767 11 13 4 9 1 18 10 0 3 13 0 0 0 0 
176.00 54665 90347 25933 104171 54665 25933 90347 104171 10 16 4 8 3 13 15 0 5 18 0 0 0 0 
180.00 45939 103014 26968 101201 45939 26968 103014 101201 6 10 0 6 3 23 7 0 1 11 0 0 0 0 
184.00 36742 115390 28755 98202 36742 28755 115390 98202 5 9 3 4 0 23 8 0 3 10 0 0 0 0 
188.00 29889 125705 30220 95886 29889 30220 125705 95886 13 5 9 9 5 23 5 0 9 4 0 0 0 0 
192.00 23980 133643 31843 92999 23980 31843 133643 92999 8 6 12 3 3 18 1 0 11 4 0 0 0 0 
196.00 18526 136022 33350 90588 18526 33350 136022 90588 3 3 8 11 2 24 4 0 9 4 0 0 0 0 
200.00 17558 139909 35920 88237 17558 35920 139909 88237 3 6 9 7 3 36 3 0 11 7 0 0 0 0 
204.00 18210 141164 37564 86915 18210 37564 141164 86915 7 6 7 3 2 24 1 0 7 6 0 0 0 0 
208.00 20647 138045 39437 85551 20647 39437 138045 85551 3 2 19 6 1 30 3 0 18 1 0 0 0 0 
212.00 24135 130702 43474 83004 24135 43474 130702 83004 7 4 16 7 3 20 3 0 17 5 0 0 0 0 
216.00 29690 123834 44504 82318 29690 44504 123834 82318 10 12 19 15 5 26 4 0 18 12 0 0 0 0 
220.00 37454 113320 47655 80607 37454 47655 113320 80607 11 1 6 5 4 21 4 0 6 1 0 0 0 0 
224.00 45951 101530 51235 79082 45951 51235 101530 79082 12 10 13 2 1 17 11 0 12 8 0 0 0 0 
228.00 53137 90748 55082 76176 53137 55082 90748 76176 6 8 8 8 4 16 16 0 6 9 0 0 0 0 
232.00 63429 77508 58811 73585 63429 58811 77508 73585 6 9 9 10 5 13 6 0 8 8 0 0 0 0 
236.00 72920 62744 60722 73292 72920 60722 62744 73292 7 12 6 9 10 5 10 0 9 12 0 0 0 0 
240.00 81353 52501 65941 68981 81353 65941 52501 68981 8 8 6 12 17 10 8 0 7 9 0 0 0 0 
244.00 89358 42542 70704 65162 89358 70704 42542 65162 11 13 10 14 17 6 9 0 10 13 0 0 0 0 
248.00 96925 31893 74436 62054 96925 74436 31893 62054 5 13 4 6 15 2 10 0 5 12 0 0 0 0 
252.00 102772 24197 78938 58010 102772 78938 24197 58010 3 9 3 10 11 3 7 0 2 9 0 0 0 0 
256.00 107783 19010 83938 53301 107783 83938 19010 53301 5 9 3 15 25 2 13 0 4 10 0 0 0 0 
260.00 111089 15398 89626 48097 111089 89626 15398 48097 0 9 1 11 19 2 7 0 1 7 0 0 0 0 
264.00 114038 12069 92551 44814 114038 92551 12069 44814 5 11 2 11 23 3 17 0 3 12 0 0 0 0 
268.00 114238 11261 97900 39660 114238 97900 11261 39660 2 8 4 8 27 1 10 0 4 7 0 0 0 0 
272.00 114812 11825 102519 35660 114812 102519 11825 35660 2 9 0 7 22 0 8 0 0 8 0 0 0 0 
276.00 112791 13813 106190 31967 112791 106190 13813 31967 4 4 2 8 24 1 4 0 0 4 0 0 0 0 
280.00 109738 17132 109153 28685 109738 109153 17132 28685 9 7 4 9 22 0 4 0 4 6 0 0 0 0 
284.00 106303 21652 111610 26193 106303 111610 21652 26193 7 4 5 8 27 1 3 0 5 4 0 0 0 0 
288.00 100649 27594 113929 24691 100649 113929 27594 24691 7 1 9 6 21 3 3 0 8 1 0 0 0 0 
292.00 95278 32862 115923 23090 95278 115923 32862 23090 5 4 5 4 19 0 7 0 5 5 0 0 0 0 
296.00 90902 39135 115254 23304 90902 115254 39135 23304 6 2 8 7 15 0 2 0 6 3 0 0 0 0 
300.00 84606 46536 115213 23662 84606 115213 46536 23662 10 5 20 6 20 5 2 0 21 3 0 0 0 0 
304.00 78226 54211 113864 25175 78226 113864 54211 25175 9 6 9 7 19 6 4 0 9 6 0 0 0 0 
308.00 72831 59936 110061 28628 72831 110061 59936 28628 8 3 14 8 22 1 2 0 15 3 0 0 0 0 
312.00 66004 66115 106099 32250 66004 106099 66115 32250 7 5 15 7 18 6 6 0 14 4 0 0 0 0 
316.00 58783 73896 100873 36177 58783 100873 73896 36177 8 6 13 8 18 7 6 0 13 5 0 0 0 0 
320.00 55688 81098 95641 41901 55688 95641 81098 41901 9 8 14 8 10 5 8 0 13 7 0 0 0 0 
324.00 49808 89467 89255 47203 49808 89255 89467 47203 10 7 17 17 13 3 4 0 16 7 0 0 0 0 
328.00 46057 94947 80613 54830 46057 80613 94947 54830 8 5 13 10 13 10 3 0 11 4 0 0 0 0 
332.00 42434 100558 71733 62066 42434 71733 100558 62066 7 2 18 12 3 10 2 0 17 2 0 0 0 0 
336.00 39047 104275 61590 70704 39047 61590 104275 70704 8 5 20 6 6 12 7 0 18 7 0 0 0 0 
340.00 36755 109068 51841 79403 36755 51841 109068 79403 9 9 9 7 5 22 10 0 9 7 0 0 0 0 
344.00 33592 112421 43521 85684 33592 43521 112421 85684 9 4 16 9 4 19 8 0 15 4 0 0 0 0 
348.00 31465 117698 36853 90959 31465 36853 117698 90959 9 6 8 7 0 29 5 0 7 6 0 0 0 0 
352.00 29541 119628 30744 96372 29541 30744 119628 96371 6 13 8 7 1 21 9 0 8 9 0 0 0 0 
356.00 28108 124101 26350 99921 28108 26350 124101 99921 11 4 7 9 3 25 4 0 6 3 0 0 0 0 
360.00 25543 126422 24065 100983 25543 24065 126422 100983 6 10 5 2 2 15 5 0 5 10 0 0 0 0 
