12.96 264968 501553 289303 148179 264968 289303 501553 148179 9385 1216 4522 2499 4780 4838 45 0 4522 1215 0 0 0 0 
13.02 272252 504256 292357 151666 272252 292357 504256 151666 9497 1267 4776 2579 4996 4960 39 0 4769 1270 0 0 0 0 
13.08 279230 507151 293751 156193 279230 293751 507151 156193 10098 1283 4863 2698 5108 5222 37 0 4863 1276 0 0 0 0 
13.14 286910 508004 295270 160034 286910 295270 508004 160034 10367 1336 4970 2868 5347 5307 38 0 4965 1336 0 0 0 0 
13.20 293329 512654 297802 161036 293329 297802 512654 161036 10544 1341 5197 2868 5565 5357 51 0 5198 1336 0 0 0 0 
13.26 299002 512214 298131 166032 299003 298131 512214 166032 10721 1478 5206 2978 5553 5662 49 0 5205 1477 0 0 0 0 
13.32 304262 514482 300123 167720 304262 300123 514482 167720 11099 1438 5332 3080 5766 5803 48 0 5331 1436 0 0 0 0 
13.38 307297 516100 301784 169803 307297 301784 516100 169803 11298 1503 5528 3117 5808 5768 56 0 5524 1499 0 0 0 0 
13.44 311299 516786 302981 172293 311299 302981 516786 172293 11467 1577 5602 3349 5853 5783 42 0 5602 1588 0 0 0 0 
13.50 315591 517614 303661 174013 315591 303661 517614 174013 11748 1563 5689 3231 5939 6021 48 0 5680 1566 0 0 0 0 
13.56 316936 517736 304290 174872 316936 304290 517736 174872 11888 1586 5986 3207 6024 6121 68 0 5976 1578 0 0 0 0 
13.62 318537 518842 304670 176316 318537 304670 518842 176316 12169 1600 6066 3341 5912 6053 50 0 6056 1597 0 0 0 0 
13.64 321088 520509 305250 176705 321088 305250 520509 176705 12041 1599 6056 3295 5944 5877 63 0 6046 1600 0 0 0 0 
13.66 320789 519888 306362 175308 320789 306362 519888 175308 12008 1605 5897 3113 6027 5979 51 0 5890 1603 0 0 0 0 
13.68 320454 521422 305441 177158 320454 305441 521422 177158 11993 1468 5602 3175 6280 6306 50 0 5593 1472 0 0 0 0 
13.70 321153 520827 304764 178008 321153 304764 520827 178008 11582 1423 5394 3085 6548 6500 60 0 5386 1425 0 0 0 0 
13.72 319557 519464 305133 176493 319557 305133 519464 176493 10987 1227 4805 2866 6840 6849 53 0 4799 1224 0 0 0 0 
13.74 320599 520980 305673 176095 320599 305673 520980 176095 10579 1020 4037 2536 7169 6953 61 0 4034 1017 0 0 0 0 
13.76 320428 517195 303730 177062 320428 303729 517195 177062 9670 823 2999 2281 7748 7535 58 0 2993 823 0 0 0 0 
13.78 320285 517172 303271 176215 320285 303271 517172 176215 9092 532 2113 2168 8072 7890 49 0 2105 535 0 0 0 0 
13.80 319737 517318 302905 177044 319737 302905 517318 177044 8715 456 1399 1824 8467 8144 61 0 1396 453 0 0 0 0 
13.82 319810 518177 304157 176057 319810 304157 518177 176057 8132 295 894 1695 8770 8605 65 0 884 287 0 0 0 0 
13.84 319235 518172 304553 175096 319235 304553 518172 175096 8068 333 838 1550 8815 8379 51 0 832 335 0 0 0 0 
13.86 319917 518495 303092 175119 319917 303092 518495 175119 8302 347 1004 1681 8532 8253 53 0 1006 344 0 0 0 0 
13.88 319826 517568 303834 176289 319826 303834 517568 176289 8758 559 1670 1826 8349 8009 53 0 1663 558 0 0 0 0 
13.90 318840 519001 303647 175687 318840 303647 519001 175687 9437 716 2403 2125 7723 7642 48 0 2396 717 0 0 0 0 
13.92 319273 520975 305169 175407 319273 305169 520975 175407 10119 944 3400 2451 7350 7090 51 0 3404 943 0 0 0 0 
13.94 319137 522047 305203 173949 319137 305203 522047 173949 10729 1202 4346 2720 6917 6671 57 0 4353 1199 0 0 0 0 
13.96 318389 521944 305866 174956 318389 305866 521944 174956 11384 1400 5255 2997 6339 6423 49 0 5245 1402 0 0 0 0 
13.98 317622 520390 304522 173750 317622 304521 520390 173750 11609 1598 5754 3093 5959 6067 71 0 5754 1595 0 0 0 0 
14.00 316766 523478 304568 173404 316766 304568 523478 173404 11987 1584 6078 3198 5639 5860 47 0 6077 1581 0 0 0 0 
14.02 316162 522858 304945 174013 316162 304945 522858 174013 11913 1645 6087 3179 5724 5724 62 0 6091 1643 0 0 0 0 
14.04 315845 521251 305214 173449 315845 305214 521251 173449 11770 1654 6250 3178 5717 5880 61 0 6245 1648 0 0 0 0 
14.06 315080 521452 303879 172288 315080 303879 521452 172288 11795 1505 5930 3152 5759 5719 57 0 5925 1502 0 0 0 0 
14.08 312586 521106 301860 171562 312586 301860 521106 171562 11536 1499 5782 3172 5795 5835 48 0 5775 1504 0 0 0 0 
14.10 310784 519881 302369 171309 310784 302369 519881 171309 11162 1540 5605 3035 5725 5828 45 0 5603 1540 0 0 0 0 
14.16 300453 516401 299689 166082 300453 299689 516401 166082 10733 1403 5131 2789 5442 5636 51 0 5129 1402 0 0 0 0 
14.22 293442 514267 295622 162256 293442 295622 514267 162256 10254 1325 5047 2745 5358 5236 49 0 5043 1329 0 0 0 0 
14.28 284818 511300 293285 157415 284818 293285 511300 157415 9708 1281 4898 2609 5099 5041 55 0 4882 1275 0 0 0 0 
14.34 277013 508404 291843 152839 277013 291843 508404 152839 9279 1188 4633 2512 4745 4704 35 0 4633 1186 0 0 0 0 
14.40 270270 505873 287782 150219 270270 287782 505873 150219 8999 1170 4306 2411 4653 4488 34 0 4304 1174 0 0 0 0 
14.46 262105 504959 287264 144847 262105 287264 504959 144847 8409 1167 4242 2285 4125 4347 47 0 4242 1167 0 0 0 0 
14.52 254980 503075 283790 142130 254980 283790 503075 142130 8017 995 3992 2210 4163 4188 35 0 3992 996 0 0 0 0 
14.58 247906 496204 283115 137295 247906 283115 496203 137295 7533 971 3675 2044 3994 3844 30 0 3667 968 0 0 0 0 
14.64 239239 498486 278121 133456 239239 278121 498486 133456 7121 914 3446 1894 3617 3718 29 0 3446 909 0 0 0 0 
14.70 232361 493566 276214 130818 232361 276214 493566 130818 6754 903 3380 1827 3500 3482 25 0 3376 898 0 0 0 0 
14.76 224953 493011 273416 125504 224953 273416 493011 125504 6392 806 3111 1572 3328 3216 33 0 3111 805 0 0 0 0 
