0.00 3148 264776 36810 6947 3148 36810 264776 6947 110 2 91 19 11 97 0 38 113 3 0 0 0 0 
4.00 3341 266524 39628 4899 3341 39628 266524 4899 2 0 27 1 1 0 0 0 24 0 0 0 0 0 
8.00 4252 264684 40931 3597 4252 40931 264684 3597 1 0 26 0 0 3 0 0 23 0 0 0 0 0 
12.00 5521 263672 42139 2791 5521 42139 263672 2791 6 0 11 1 2 0 0 0 11 0 0 0 0 0 
16.00 6916 261401 41600 2453 6916 41600 261401 2453 2 0 20 0 0 1 0 0 19 0 0 0 0 0 
20.00 9441 258657 40888 2977 9441 40888 258657 2977 1 0 23 0 1 1 0 0 25 0 0 0 0 0 
24.00 11391 256818 38822 3990 11391 38822 256818 3990 10 0 26 0 1 3 0 0 27 0 0 0 0 0 
28.00 14347 253913 36529 5881 14347 36529 253913 5881 7 1 23 0 0 2 1 0 19 1 0 0 0 0 
32.00 18465 250868 33340 8194 18465 33340 250868 8194 11 0 19 1 0 3 0 0 19 0 0 0 0 0 
36.00 22414 245675 30143 10987 22414 30143 245675 10987 9 0 18 1 1 4 0 0 17 0 0 0 0 0 
40.00 29331 236176 26889 13608 29331 26889 236176 13608 16 0 14 1 1 10 0 0 14 0 0 0 0 0 
44.00 33047 232783 22656 16905 33047 22656 232783 16905 16 1 8 0 3 8 1 0 7 1 0 0 0 0 
48.00 39597 224707 19080 20289 39597 19080 224707 20289 20 1 6 1 2 7 3 0 6 2 0 0 0 0 
52.00 45509 217515 15454 23621 45509 15454 217515 23621 20 2 8 2 2 8 2 0 9 2 0 0 0 0 
56.00 54469 205726 12382 26611 54469 12382 205726 26611 27 4 4 0 3 12 3 0 5 4 0 0 0 0 
60.00 62325 196589 9315 29990 62325 9315 196589 29990 19 4 1 2 1 10 2 0 1 5 0 0 0 0 
64.00 69990 186497 6936 32873 69990 6936 186497 32873 30 7 7 0 2 6 3 0 7 7 0 0 0 0 
68.00 81484 170164 5331 34772 81484 5331 170164 34772 17 6 2 0 1 9 7 0 1 7 0 0 0 0 
72.00 90422 158002 3759 37036 90422 3759 158002 37036 30 4 3 1 0 15 3 0 2 4 0 0 0 0 
76.00 102732 141965 3019 38597 102732 3019 141965 38597 31 14 0 0 2 12 10 0 0 13 0 0 0 0 
80.00 114325 126682 2752 39460 114325 2752 126682 39460 38 5 0 0 0 8 9 0 0 5 0 0 0 0 
84.00 122142 115689 3089 39433 122142 3089 115689 39433 33 10 1 0 1 14 4 0 1 11 0 0 0 0 
88.00 136585 97293 3746 39768 136585 3746 97293 39768 30 10 1 0 0 12 9 0 1 13 0 0 0 0 
92.00 148671 82849 4948 39192 148671 4948 82849 39192 22 9 1 0 1 10 17 0 1 6 0 0 0 0 
96.00 161146 66827 6629 38164 161146 6629 66827 38164 24 14 0 0 3 3 15 0 0 16 0 0 0 0 
100.00 172236 50659 7952 36834 172236 7952 50659 36834 23 15 1 2 2 2 16 0 1 12 0 0 0 0 
104.00 184372 38350 10247 34889 184372 10247 38350 34889 19 7 0 1 7 3 9 0 0 6 0 0 0 0 
108.00 195780 24011 11972 33234 195780 11972 24011 33234 5 20 0 0 4 2 14 0 0 21 0 0 0 0 
112.00 202681 14726 14123 30888 202681 14123 14726 30888 5 9 0 2 8 0 11 0 0 8 0 0 0 0 
116.00 208987 7514 16143 28769 208987 16143 7514 28769 8 13 0 1 10 2 18 0 0 11 0 0 0 0 
120.00 211430 3600 18354 25802 211430 18354 3600 25802 2 10 0 1 8 1 14 0 0 10 0 0 0 0 
124.00 213597 3121 20252 23811 213597 20252 3121 23811 0 13 0 0 5 0 7 0 0 14 0 0 0 0 
128.00 209310 6802 22273 21750 209310 22273 6802 21750 6 7 0 3 9 1 8 0 0 8 0 0 0 0 
132.00 205080 12448 25215 18538 205080 25215 12448 18538 3 10 1 3 13 0 13 0 1 7 0 0 0 0 
136.00 196791 22148 27446 16146 196791 27446 22148 16146 10 7 0 0 9 1 11 0 0 7 0 0 0 0 
140.00 189054 36133 29492 13810 189054 29492 36133 13810 15 5 4 2 12 3 3 0 4 4 0 0 0 0 
144.00 172649 56146 30815 12254 172649 30815 56146 12254 25 4 5 0 15 1 5 0 3 5 0 0 0 0 
148.00 157233 76078 33306 10358 157233 33306 76078 10358 26 2 9 0 7 1 5 0 8 3 0 0 0 0 
152.00 136998 98387 33853 8597 136998 33853 98387 8597 18 3 9 1 10 3 0 0 10 3 0 0 0 0 
156.00 119736 120815 36270 7085 119736 36270 120815 7085 32 1 8 0 2 2 2 0 9 0 0 0 0 0 
160.00 100359 148509 37028 6032 100359 37028 148509 6032 33 2 9 1 8 1 2 0 8 2 0 0 0 0 
164.00 78526 175125 38405 5002 78526 38405 175125 5002 29 0 14 0 12 0 0 0 16 0 0 0 0 0 
168.00 59854 199943 39386 4562 59854 39386 199943 4562 31 0 13 3 4 2 1 0 14 0 0 0 0 0 
172.00 43562 220383 40231 3629 43562 40231 220383 3629 16 0 23 0 5 1 0 0 25 0 0 0 0 0 
176.00 28452 238358 40880 3158 28452 40880 238358 3158 11 1 25 0 0 0 0 0 24 1 0 0 0 0 
180.00 16111 254613 41144 2927 16111 41144 254613 2927 9 0 26 1 2 2 0 0 25 0 0 0 0 0 
184.00 8275 264335 41413 2583 8275 41413 264335 2583 5 0 16 0 1 2 0 0 19 0 0 0 0 0 
188.00 3794 270202 41861 2470 3794 41861 270202 2470 1 0 19 1 0 2 0 0 19 0 0 0 0 0 
192.00 4311 269587 41560 2308 4311 41560 269587 2308 3 0 26 0 2 1 0 0 25 0 0 0 0 0 
196.00 9610 259043 40526 2373 9610 40526 259043 2373 5 0 22 0 2 0 0 0 21 0 0 0 0 0 
200.00 19635 249079 40952 2391 19635 40952 249079 2391 10 0 16 0 1 1 0 0 16 0 0 0 0 0 
204.00 33431 232741 41055 2482 33431 41055 232741 2482 11 1 22 0 4 0 1 0 24 1 0 0 0 0 
208.00 50588 212034 40528 2682 50588 40528 212034 2682 16 0 17 0 5 0 0 0 19 0 0 0 0 0 
212.00 69706 187127 40029 2860 69706 40029 187127 2860 36 0 13 0 8 1 0 0 10 0 0 0 0 0 
216.00 89909 162337 39688 3342 89909 39688 162337 3342 32 1 16 0 7 1 1 0 14 1 0 0 0 0 
220.00 112275 134752 39065 3732 112275 39065 134752 3732 38 0 11 0 6 2 0 0 11 0 0 0 0 0 
224.00 132805 108140 37982 4621 132805 37982 108140 4621 35 1 5 0 10 0 0 0 4 1 0 0 0 0 
228.00 152557 84085 37320 5642 152557 37320 84085 5642 30 4 11 0 17 0 6 0 11 3 0 0 0 0 
232.00 169734 60909 36429 6664 169734 36429 60909 6664 21 3 5 1 17 0 3 0 4 3 0 0 0 0 
236.00 184685 40160 35299 8050 184685 35299 40160 8050 15 1 4 1 11 0 3 0 3 1 0 0 0 0 
240.00 196364 24919 34841 9132 196364 34841 24919 9132 11 3 2 0 14 1 3 0 2 4 0 0 0 0 
244.00 205379 12844 32956 11204 205379 32956 12844 11204 3 2 2 0 12 0 4 0 2 2 0 0 0 0 
248.00 210164 6011 31910 13005 210164 31910 6011 13005 4 2 0 1 6 0 4 0 0 2 0 0 0 0 
252.00 211878 2960 30536 15091 211878 30536 2960 15091 1 7 0 1 10 0 5 0 0 5 0 0 0 0 
256.00 210361 3704 28463 17673 210361 28463 3704 17673 0 6 0 1 8 0 10 0 0 8 0 0 0 0 
260.00 207603 7870 26220 20209 207603 26220 7870 20209 2 4 0 2 10 1 9 0 0 6 0 0 0 0 
264.00 200242 15478 24575 23161 200242 24575 15478 23161 7 8 0 2 9 3 13 0 0 8 0 0 0 0 
268.00 191477 24971 21709 25134 191477 21709 24971 25134 9 9 1 3 12 1 9 0 1 10 0 0 0 0 
272.00 180946 39916 19688 27035 180946 19688 39916 27035 11 9 1 0 8 1 8 0 2 12 0 0 0 0 
276.00 167506 56557 17688 28796 167506 17688 56557 28796 17 10 5 0 12 2 7 0 6 9 0 0 0 0 
280.00 153737 74412 15114 30530 153737 15114 74412 30530 25 6 1 0 6 5 6 0 1 6 0 0 0 0 
284.00 138462 93875 13081 32335 138462 13081 93875 32335 26 15 5 1 3 10 4 0 4 14 0 0 0 0 
288.00 123288 112916 10789 33697 123288 10789 112916 33697 31 14 1 2 2 8 13 0 1 13 0 0 0 0 
292.00 111119 128270 8462 35099 111119 8462 128270 35099 22 8 5 0 2 16 4 0 5 8 0 0 0 0 
296.00 96002 149955 6871 35212 96002 6871 149955 35212 27 10 3 1 2 9 6 0 3 8 0 0 0 0 
300.00 85620 164340 5226 36166 85620 5226 164340 36166 31 8 1 1 0 10 10 0 1 8 0 0 0 0 
304.00 74901 178119 3819 36492 74901 3819 178119 36492 25 7 1 0 1 14 9 0 0 7 0 0 0 0 
308.00 61877 195024 3365 35638 61877 3365 195024 35638 28 3 0 0 1 11 1 0 0 3 0 0 0 0 
312.00 48733 208734 3137 35892 48733 3137 208734 35892 17 3 2 0 2 21 4 0 2 2 0 0 0 0 
316.00 40387 218151 3513 34336 40387 3513 218151 34336 18 2 2 1 0 13 0 0 2 2 0 0 0 0 
320.00 33800 232331 4504 33643 33800 4504 232331 33643 13 1 0 0 0 12 3 0 0 2 0 0 0 0 
324.00 26905 241873 6046 32063 26905 6046 241873 32063 8 2 2 0 0 18 3 0 3 2 0 0 0 0 
328.00 19928 249457 8059 30147 19928 8059 249457 30147 12 2 5 1 2 13 0 0 4 2 0 0 0 0 
332.00 15401 254552 10866 27721 15401 10866 254552 27721 6 3 3 1 0 8 1 0 4 2 0 0 0 0 
336.00 12694 257100 14411 24737 12694 14411 257100 24737 6 1 6 2 0 9 0 0 6 1 0 0 0 0 
340.00 8974 262357 18124 22063 8974 18124 262357 22063 1 0 13 0 2 8 0 0 12 0 0 0 0 0 
344.00 6920 261863 21746 18805 6920 21746 261863 18805 5 1 11 0 0 15 1 0 10 1 0 0 0 0 
348.00 4869 264679 25782 15908 4869 25782 264679 15908 3 0 15 1 0 12 0 0 13 0 0 0 0 0 
352.00 3782 265794 29649 12554 3782 29649 265794 12554 5 0 18 0 0 6 0 0 21 0 0 0 0 0 
356.00 3036 267154 33933 9556 3036 33933 267154 9556 1 0 17 0 1 2 0 0 17 0 0 0 0 0 
360.00 2925 265240 36540 7171 2925 36540 265240 7171 1 0 25 2 0 4 0 0 25 0 0 0 0 0 
