0.00 11762 236245 10475 48438 11762 10475 236245 48438 10 0 9 4 0 25 3 0 9 0 0 0 0 0 
4.00 9522 239971 8362 49359 9522 8362 239971 49359 5 0 5 0 0 16 0 0 5 0 0 0 0 0 
8.00 8126 243405 7702 49591 8126 7702 243405 49591 2 3 4 0 0 30 3 0 4 3 0 0 0 0 
12.00 6957 244096 8598 49514 6957 8598 244096 49514 3 0 6 1 0 26 3 0 6 0 0 0 0 0 
16.00 5684 245378 11125 47736 5684 11125 245378 47736 3 0 4 1 1 25 0 0 5 0 0 0 0 0 
20.00 5480 244769 15750 45099 5480 15750 244769 45099 3 1 8 2 0 22 1 0 7 2 0 0 0 0 
24.00 5120 244564 20386 42376 5120 20386 244564 42376 4 0 12 4 0 22 1 0 12 1 0 0 0 0 
28.00 5213 243927 26882 38510 5213 26882 243927 38510 2 0 14 1 0 25 0 0 13 0 0 0 0 0 
32.00 5792 241681 33819 34071 5792 33819 241681 34071 0 0 19 5 1 8 0 0 18 0 0 0 0 0 
36.00 6742 240230 40971 29746 6742 40971 240230 29746 6 1 23 2 1 19 1 0 21 1 0 0 0 0 
40.00 8889 236487 47429 25294 8889 47429 236487 25294 3 0 28 0 0 11 0 0 27 0 0 0 0 0 
44.00 11177 233424 54651 20766 11177 54651 233424 20766 7 1 25 1 0 7 1 0 25 1 0 0 0 0 
48.00 14779 228721 60433 16813 14779 60433 228721 16813 7 0 32 1 2 5 0 0 32 0 0 0 0 0 
52.00 18406 223774 66422 13164 18406 66422 223774 13164 6 1 29 1 2 5 0 0 32 0 0 0 0 0 
56.00 22445 218603 71211 10090 22445 71211 218603 10090 14 0 29 0 4 7 0 0 27 0 0 0 0 0 
60.00 28808 212651 74730 7827 28808 74730 212651 7827 6 0 34 1 4 3 0 0 35 0 0 0 0 0 
64.00 34958 203869 76292 6127 34958 76292 203869 6127 13 0 36 0 8 4 1 0 35 0 0 0 0 0 
68.00 42338 194428 77364 5325 42338 77364 194428 5325 18 0 34 1 10 1 1 0 36 0 0 0 0 0 
72.00 51115 183101 76819 5000 51115 76819 183101 5000 22 0 36 0 9 1 0 0 29 0 0 0 0 0 
76.00 60415 171515 75872 5477 60415 75872 171515 5477 23 0 40 1 15 3 1 0 39 0 0 0 0 0 
80.00 71391 159264 74545 6552 71391 74545 159264 6552 30 0 27 0 7 1 1 0 26 0 0 0 0 0 
84.00 79583 149757 71528 8676 79583 71528 149757 8676 25 2 18 2 2 3 2 0 18 3 0 0 0 0 
88.00 90511 136478 67377 11201 90511 67377 136478 11201 18 5 20 2 13 2 2 0 22 3 0 0 0 0 
92.00 103734 121099 63739 13713 103734 63739 121099 13713 20 6 17 2 17 4 2 0 18 6 0 0 0 0 
96.00 116549 105545 59693 16834 116549 59693 105545 16834 22 4 18 1 18 4 4 0 18 4 0 0 0 0 
100.00 129917 86264 55802 20244 129917 55802 86264 20244 21 2 7 4 17 3 5 0 8 2 0 0 0 0 
104.00 141548 72299 51531 23959 141548 51531 72299 23959 21 10 7 0 23 2 6 0 6 10 0 0 0 0 
108.00 153181 56487 46888 27407 153181 46888 56487 27407 19 9 3 1 20 1 7 0 3 8 0 0 0 0 
112.00 163994 42117 42652 31269 163994 42652 42117 31269 16 10 4 2 18 2 7 0 4 8 0 0 0 0 
116.00 174044 28480 38652 34706 174044 38652 28480 34706 6 8 1 1 14 3 10 0 1 7 0 0 0 0 
120.00 181458 18366 34736 38567 181458 34736 18366 38567 8 17 0 1 20 1 17 0 0 16 0 0 0 0 
124.00 188994 9314 31430 41280 188994 31430 9314 41280 4 13 2 1 13 2 11 0 1 12 0 0 0 0 
128.00 189567 4341 26950 44306 189567 26950 4341 44306 2 13 0 3 10 2 13 0 0 10 0 0 0 0 
132.00 190734 2635 23268 47587 190734 23268 2635 47587 2 19 0 2 9 0 18 0 0 22 0 0 0 0 
136.00 188331 4487 20620 49760 188331 20620 4487 49760 2 19 0 2 13 0 21 0 0 20 0 0 0 0 
140.00 187443 9509 18348 52501 187443 18348 9509 52501 3 20 0 2 4 1 18 0 0 19 0 0 0 0 
144.00 180317 18201 15369 53883 180317 15369 18201 53883 12 23 1 0 9 2 18 0 1 21 0 0 0 0 
148.00 168715 31478 13350 54203 168715 13350 31478 54203 10 30 2 0 3 2 28 0 2 24 0 0 0 0 
152.00 154720 48116 11896 53955 154720 11896 48116 53955 18 16 2 0 1 8 16 0 2 11 0 0 0 0 
156.00 142391 65887 10416 54638 142391 10416 65887 54638 18 11 0 1 2 6 19 0 0 13 0 0 0 0 
160.00 126068 87201 9396 54559 126068 9396 87201 54559 14 15 2 3 4 10 16 0 1 14 0 0 0 0 
164.00 107175 113648 8782 54349 107175 8782 113648 54349 28 12 2 0 4 13 13 0 2 12 0 0 0 0 
168.00 90815 136414 7717 53497 90815 7717 136414 53497 23 8 2 0 1 12 10 0 2 9 0 0 0 0 
172.00 72867 161024 7671 53144 72867 7671 161024 53144 21 10 5 0 1 14 8 0 3 10 0 0 0 0 
176.00 55134 184143 7478 51633 55134 7478 184143 51633 18 7 2 2 2 18 7 0 3 6 0 0 0 0 
180.00 40678 203897 7657 51550 40678 7657 203897 51550 11 4 4 0 2 19 1 0 2 4 0 0 0 0 
184.00 26467 222169 8307 49946 26467 8307 222169 49946 12 1 4 0 1 12 2 0 4 1 0 0 0 0 
188.00 15824 234354 8598 49109 15824 8598 234354 49109 8 1 5 2 0 17 0 0 5 1 0 0 0 0 
192.00 8903 244482 9363 47603 8903 9363 244482 47603 1 0 3 1 0 23 2 0 2 0 0 0 0 0 
196.00 5129 244811 10234 47267 5129 10234 244811 47267 1 0 8 0 0 16 0 0 8 1 0 0 0 0 
200.00 6769 245162 11052 47365 6769 11052 245162 47365 2 1 1 1 0 23 2 0 2 1 0 0 0 0 
204.00 12854 238559 11790 47540 12854 11790 238559 47540 8 3 4 1 0 24 2 0 3 3 0 0 0 0 
208.00 21882 225925 13091 46684 21882 13091 225925 46684 9 4 8 2 0 18 4 0 7 3 0 0 0 0 
212.00 32973 208669 14905 46132 32973 14905 208694 46132 16 5 4 1 2 18 2 0 5 5 0 0 0 0 
216.00 47765 190951 16619 45769 47765 16619 190951 45769 22 7 10 1 1 11 9 0 11 4 0 0 0 0 
220.00 64872 170245 18846 46172 64872 18846 170245 46172 20 8 5 6 1 17 8 0 5 8 0 0 0 0 
224.00 82792 146364 21235 45338 82792 21235 146364 45338 30 12 8 4 1 16 12 0 8 10 0 0 0 0 
228.00 102399 119540 22468 45077 102399 22468 119540 45077 27 3 8 2 7 12 6 0 6 4 0 0 0 0 
232.00 120234 96898 25230 43815 120234 25230 96898 43815 24 15 10 3 5 11 8 0 10 18 0 0 0 0 
236.00 136204 73549 27437 42403 136204 27437 73549 42403 20 16 3 3 5 4 14 0 3 13 0 0 0 0 
240.00 152609 51996 29278 41307 152609 29278 51996 41307 13 17 0 2 10 1 13 0 1 14 0 0 0 0 
244.00 166683 35523 32506 39386 166683 32506 35523 39386 15 16 2 3 10 2 10 0 2 15 0 0 0 0 
248.00 177703 22447 36550 36807 177703 36550 22447 36807 10 13 0 5 10 2 20 0 0 12 0 0 0 0 
252.00 185960 12677 39747 34489 185960 39747 12677 34489 2 8 0 3 19 1 7 0 0 8 0 0 0 0 
256.00 191119 6183 43656 31381 191119 43656 6183 31381 4 18 0 2 17 0 11 0 0 16 0 0 0 0 
260.00 194943 3237 47813 28552 194943 47813 3237 28552 0 17 0 3 25 0 11 0 0 16 0 0 0 0 
264.00 195178 3571 52473 25347 195178 52473 3571 25347 1 5 0 5 18 0 13 0 1 5 0 0 0 0 
268.00 192666 6508 56135 22054 192666 56135 6508 22054 1 15 0 7 23 0 12 0 0 16 0 0 0 0 
272.00 187723 12206 60465 18456 187723 60465 12206 18456 5 11 3 2 24 2 2 0 2 10 0 0 0 0 
276.00 180420 21926 64239 15995 180420 64239 21926 15995 7 3 4 2 24 0 8 0 4 3 0 0 0 0 
280.00 172447 31999 67359 13174 172447 67359 31999 13174 12 6 8 3 21 1 7 0 7 5 0 0 0 0 
284.00 162425 45371 70938 10897 162425 70938 45371 10897 17 2 3 0 24 1 3 0 2 2 0 0 0 0 
288.00 151577 57645 74386 8682 151577 74386 57645 8682 22 1 16 1 26 3 1 0 15 1 0 0 0 0 
292.00 138985 71313 77101 7272 138985 77101 71313 7272 8 2 9 2 22 0 3 0 7 3 0 0 0 0 
296.00 127234 86376 78853 6457 127234 78853 86376 6457 17 3 19 1 17 0 4 0 17 4 0 0 0 0 
300.00 114868 101191 79564 5696 114868 79564 101191 5696 32 0 17 2 13 1 1 0 17 1 0 0 0 0 
304.00 102073 117047 80301 5581 102073 80301 117047 5581 34 0 22 2 16 0 2 0 20 0 0 0 0 0 
308.00 91101 130102 79647 6446 91101 79647 130102 6446 22 2 13 3 12 0 1 0 18 2 0 0 0 0 
312.00 77977 143173 77095 7631 77977 77095 143173 7631 22 2 25 0 7 3 2 0 28 3 0 0 0 0 
316.00 67779 154529 75109 9332 67779 75109 154529 9332 20 2 27 1 15 3 2 0 23 3 0 0 0 0 
320.00 59268 167927 71612 11795 59268 71612 167927 11795 26 2 24 1 9 3 4 0 23 1 0 0 0 0 
324.00 51121 179843 67487 14495 51121 67487 179843 14495 24 2 33 1 12 3 3 0 30 2 0 0 0 0 
328.00 43611 190048 62051 18474 43611 62051 190048 18474 20 1 22 1 7 7 1 0 15 0 0 0 0 0 
332.00 35842 199655 55327 21874 35842 55327 199655 21874 14 2 21 3 3 11 1 0 20 1 0 0 0 0 
336.00 29997 206748 48133 25858 29997 48133 206748 25858 11 0 16 2 0 18 2 0 15 0 0 0 0 0 
340.00 25269 213353 40558 30560 25269 40558 213353 30560 16 1 16 0 1 13 2 0 16 1 0 0 0 0 
344.00 22051 216370 32840 34560 22051 32840 216370 34560 6 0 27 1 3 11 1 0 26 2 0 0 0 0 
348.00 19058 223746 25737 38720 19058 25737 223746 38720 12 2 10 3 3 15 1 0 10 2 0 0 0 0 
352.00 16127 227089 19483 42866 16127 19483 227089 42866 8 0 10 3 1 18 1 0 10 0 0 0 0 0 
356.00 13256 230967 14268 45625 13256 14268 230967 45625 5 1 7 2 0 22 1 0 7 1 0 0 0 0 
360.00 10681 234818 10690 47619 10681 10690 234818 47619 5 4 7 0 0 24 0 0 7 4 0 0 0 0 
