12.96 384450 368249 137241 149294 384450 137241 368249 149294 5438 3800 2743 815 2849 3473 88 64 2769 3806 0 0 0 0 
13.02 385531 370256 135234 154885 385531 135234 370256 154885 5543 4010 2710 799 2830 3633 69 0 2704 4001 0 0 0 0 
13.08 390361 375688 140122 159390 390361 140122 375688 159390 5747 4303 2780 803 2945 3784 60 0 2780 4302 0 0 0 0 
13.14 393834 381146 144648 164744 393834 144648 381146 164744 6215 4188 3016 861 3165 4083 66 0 3017 4181 0 0 0 0 
13.20 398192 384845 150080 171184 398192 150080 384845 171184 6470 4473 3080 915 3402 4090 84 0 3071 4474 0 0 0 0 
13.26 402343 390369 151421 177990 402343 151421 390369 177990 6785 4707 3231 966 3386 4292 81 0 3228 4712 0 0 0 0 
13.32 406338 394391 156441 184679 406338 156441 394391 184679 6956 4775 3370 944 3607 4595 75 0 3371 4772 0 0 0 0 
13.38 411605 400049 157962 191714 411605 157962 400049 191714 7328 5019 3424 998 3731 4696 83 0 3422 5024 0 0 0 0 
13.44 416540 403598 162702 197788 416540 162702 403598 197788 7396 5412 3463 1103 3840 4899 93 0 3459 5404 0 0 0 0 
13.50 419411 409105 163472 206590 419411 163472 409105 206590 7639 5511 3594 1129 3951 5126 82 0 3593 5512 0 0 0 0 
13.56 420867 411997 168280 207842 420867 168280 411997 207842 7913 5610 3722 1087 4023 5142 92 0 3720 5607 0 0 0 0 
13.62 424160 415199 171706 210481 424160 171706 415199 210481 8321 5601 3615 1196 4343 5314 96 0 3610 5595 0 0 0 0 
13.64 425632 418255 169591 214510 425632 169591 418255 214510 8548 5676 3635 1126 4159 5477 77 0 3634 5670 0 0 0 0 
13.66 426402 418679 172044 216343 426402 172044 418679 216343 8481 5728 3812 1181 4228 5373 89 0 3811 5726 0 0 0 0 
13.68 428434 420330 171281 215712 428434 171281 420330 215712 8213 6027 3811 1167 4058 5239 110 0 3817 6017 0 0 0 0 
13.70 427885 418454 173867 216005 427885 173867 418454 216005 7482 5813 4318 1137 3901 5166 96 0 4321 5808 0 0 0 0 
13.72 427186 419352 171168 219421 427186 171168 419352 219421 6553 6170 4510 1112 3480 5001 100 0 4510 6172 0 0 0 0 
13.74 427957 418985 176120 215655 427957 176120 418985 215655 5269 6154 5126 1013 3168 4631 92 0 5122 6158 0 0 0 0 
13.76 428420 418873 175446 219085 428420 175446 418873 219085 3896 6482 5541 933 2676 4414 98 0 5536 6483 0 0 0 0 
13.78 427501 419607 174352 220938 427501 174352 419607 220938 2653 6760 6231 856 2001 4346 115 0 6228 6751 0 0 0 0 
13.80 428208 420818 172604 224714 428208 172604 420818 224714 1572 6979 6415 884 1647 4139 79 0 6410 6983 0 0 0 0 
13.82 429446 419318 176433 221762 429445 176433 419318 221762 958 6926 6735 775 1376 4163 95 0 6736 6921 0 0 0 0 
13.84 429225 421792 175860 225081 429225 175860 421792 225081 864 7060 6726 776 1294 4152 98 0 6722 7055 0 0 0 0 
13.86 428979 422285 175078 224895 428979 175078 422285 224895 1354 6942 6584 836 1411 4230 98 0 6586 6940 0 0 0 0 
13.88 430589 423147 173057 228553 430589 173057 423147 228553 2390 7024 6311 863 1683 4497 113 0 6310 7019 0 0 0 0 
13.90 430485 424088 178271 225351 430485 178271 424088 225351 3605 6595 5991 908 2147 4604 99 0 5983 6594 0 0 0 0 
13.92 432450 425894 177951 225369 432450 177951 425894 225369 5093 6507 5379 1020 2793 4868 100 0 5380 6506 0 0 0 0 
13.94 433330 427262 176359 228819 433330 176359 427262 228819 6485 6389 4834 1058 3213 5197 115 0 4836 6378 0 0 0 0 
13.96 433374 426522 177031 227450 433374 177031 426522 227450 7591 5988 4290 1154 3732 5293 98 0 4287 5982 0 0 0 0 
13.98 434407 429904 177709 228975 434406 177709 429904 228975 8567 5845 3970 1195 4192 5763 102 0 3967 5839 0 0 0 0 
14.00 435461 429496 175732 229307 435461 175732 429496 229307 9042 5832 3644 1214 4266 5765 88 0 3639 5830 0 0 0 0 
14.02 436147 430365 176654 228696 436147 176654 430365 228695 9109 5851 3682 1211 4410 5686 121 0 3684 5844 0 0 0 0 
14.04 436243 430800 177657 228134 436243 177657 430800 228134 9119 5734 3657 1231 4350 5620 91 0 3648 5730 0 0 0 0 
14.06 434897 428668 175067 229948 434897 175067 428668 229948 8589 6022 3668 1219 4270 5604 99 0 3661 6022 0 0 0 0 
14.08 434291 429310 175475 229401 434291 175475 429310 229401 8538 5966 3786 1190 4125 5459 110 0 3796 5966 0 0 0 0 
14.10 434465 426944 178438 226244 434465 178438 426944 226244 7961 5798 3887 1065 4227 5366 120 0 3886 5786 0 0 0 0 
14.16 433018 424904 176840 225270 433019 176840 424904 225270 7758 5700 3913 1092 3932 5170 98 0 3912 5703 0 0 0 0 
14.22 429791 424504 174499 223138 429791 174499 424504 223138 7685 5581 3823 1117 3816 5257 95 0 3818 5582 0 0 0 0 
14.28 428261 421483 172570 219193 428261 172570 421483 219193 7495 5293 3521 1039 3774 4942 114 0 3523 5287 0 0 0 0 
14.34 427059 419741 170014 214294 427059 170014 419741 214294 7071 5254 3529 1079 3745 4872 87 0 3525 5259 0 0 0 0 
14.40 423350 415422 166720 212183 423350 166720 415422 212183 7076 5037 3246 1015 3547 4675 83 0 3245 5032 0 0 0 0 
14.46 420000 412751 164227 207813 420000 164227 412751 207813 6604 4775 3315 1025 3359 4431 81 0 3312 4773 0 0 0 0 
14.52 417755 409521 160034 203239 417755 160034 409521 203239 6516 4699 3024 980 3168 4242 90 0 3030 4699 0 0 0 0 
14.58 413945 406198 159251 196394 413945 159251 406198 196394 6212 4319 2790 875 3037 4148 84 0 2796 4318 0 0 0 0 
14.64 407953 402972 152754 194843 407953 152754 402972 194843 5997 4232 2751 826 2873 3830 83 0 2746 4230 0 0 0 0 
14.70 406729 398868 147715 190645 406729 147715 398868 190645 5685 4076 2508 803 2638 3785 87 0 2500 4077 0 0 0 0 
14.76 402271 391884 148164 180469 402271 148164 391884 180469 5257 3648 2487 738 2520 3461 47 0 2486 3649 0 0 0 0 
