0.00 24191 55330 20157 74433 24191 20157 55330 74433 4 5 3 4 0 9 3 0 3 6 0 0 0 0 
4.00 23488 57076 21377 73595 23488 21377 57076 73595 4 3 4 2 0 6 3 0 4 4 0 0 0 0 
8.00 22877 58210 23745 70914 22877 23745 58210 70914 6 3 1 1 1 14 3 0 1 3 0 0 0 0 
12.00 22357 59202 27755 66928 22357 27755 59202 66928 4 2 2 6 5 4 3 0 3 3 0 0 0 0 
16.00 21614 59954 33087 62215 21614 33087 59954 62215 5 3 8 1 1 10 5 0 7 3 0 0 0 0 
20.00 20485 60681 38462 57635 20485 38462 60681 57635 2 4 7 4 1 8 0 0 8 4 0 0 0 0 
24.00 20021 61080 44932 51792 20021 44932 61080 51792 5 3 8 3 2 4 1 0 8 3 0 0 0 0 
28.00 19300 61748 51695 45688 19300 51695 61748 45688 5 1 4 6 0 3 1 0 4 1 0 0 0 0 
32.00 18943 61093 58258 39777 18943 58258 61093 39777 1 1 6 3 1 9 0 0 5 1 0 0 0 0 
36.00 18536 62147 64625 33860 18536 64625 62147 33860 5 1 8 2 1 4 1 0 10 1 0 0 0 0 
40.00 18302 62056 70377 28652 18302 70377 62056 28652 3 4 9 2 5 2 3 0 10 3 0 0 0 0 
44.00 18030 61940 74711 24653 18030 74711 61940 24653 3 1 10 5 1 5 1 0 11 1 0 0 0 0 
48.00 18037 62316 78873 20773 18037 78873 62316 20773 4 1 8 1 3 2 1 0 7 2 0 0 0 0 
52.00 18300 62141 81428 18494 18300 81428 62141 18494 0 2 11 4 5 4 0 0 11 1 0 0 0 0 
56.00 18402 61621 82955 16884 18402 82955 61621 16884 1 0 13 0 2 4 0 0 11 0 0 0 0 0 
60.00 19048 62029 83607 16475 19048 83607 62029 16475 4 1 7 4 3 3 0 0 9 1 0 0 0 0 
64.00 19611 59877 82378 17145 19611 82378 59877 17145 1 1 11 1 3 4 1 0 11 1 0 0 0 0 
68.00 20528 59811 80076 18612 20528 80076 59811 18612 1 0 15 5 0 3 1 0 14 0 0 0 0 0 
72.00 21446 59131 78139 20657 21446 78139 59131 20657 0 1 7 5 7 5 0 0 8 1 0 0 0 0 
76.00 22905 57092 74925 23245 22905 74925 57092 23245 3 1 4 1 7 4 2 0 5 1 0 0 0 0 
80.00 23804 55622 70706 26770 23804 70706 55622 26770 1 3 4 3 3 4 5 0 4 4 0 0 0 0 
84.00 26231 53094 66116 30594 26231 66116 53094 30594 6 1 8 6 6 4 0 0 7 1 0 0 0 0 
88.00 28038 51318 62127 35148 28038 62127 51318 35148 3 0 4 3 6 5 0 0 3 1 0 0 0 0 
92.00 29898 49005 56839 40102 29898 56839 49005 40102 3 2 11 8 3 5 2 0 12 2 0 0 0 0 
96.00 32055 46071 52091 44912 32055 52091 46071 44912 1 4 8 4 7 5 5 0 7 3 0 0 0 0 
100.00 34041 42427 48315 48928 34041 48315 42427 48928 1 3 5 4 5 3 6 0 5 3 0 0 0 0 
104.00 36741 38732 43909 52844 36741 43909 38732 52844 4 3 6 5 7 2 2 0 5 3 0 0 0 0 
108.00 39501 35256 40109 58354 39501 40109 35256 58354 2 6 4 4 3 3 7 0 4 6 0 0 0 0 
112.00 41513 31478 36354 62087 41513 36354 31478 62087 3 4 5 7 5 1 6 0 6 3 0 0 0 0 
116.00 43816 27209 32757 66671 43816 32757 27209 66671 4 3 3 3 1 5 6 0 3 2 0 0 0 0 
120.00 45046 24463 29893 70015 45046 29893 24463 70015 5 7 2 2 1 5 3 0 1 6 0 0 0 0 
124.00 47636 20901 27545 73410 47636 27545 20901 73410 0 3 5 6 1 3 2 0 6 4 0 0 0 0 
128.00 48213 17885 25172 76192 48213 25172 17885 76192 0 13 1 4 1 6 7 0 1 13 0 0 0 0 
132.00 49906 16223 23319 78967 49906 23319 16223 78967 1 4 0 6 2 3 6 0 0 4 0 0 0 0 
136.00 50959 14360 22240 80451 50959 22240 14360 80451 0 7 0 5 5 4 6 0 0 9 0 0 0 0 
140.00 51028 13671 20493 81695 51028 20493 13671 81695 1 4 0 6 1 2 8 0 0 5 0 0 0 0 
144.00 51988 13567 19883 82770 51988 19883 13567 82770 1 8 0 2 0 1 6 0 0 8 0 0 0 0 
148.00 51052 14490 19272 83164 51052 19272 14490 83164 0 2 0 5 3 1 5 0 0 2 0 0 0 0 
152.00 49536 15680 19578 82805 49536 19578 15680 82805 1 12 1 1 3 3 9 0 1 10 0 0 0 0 
156.00 47642 18223 19782 82315 47642 19782 18223 82315 4 12 0 2 1 2 12 0 0 12 0 0 0 0 
160.00 46786 22329 20037 81673 46786 20037 22329 81673 4 13 0 5 4 7 3 0 0 10 0 0 0 0 
164.00 43682 26135 20740 80200 43682 20740 26135 80200 8 10 3 0 6 3 6 0 3 10 0 0 0 0 
168.00 41262 30693 21229 78466 41262 21229 30693 78466 3 10 1 3 1 2 9 0 1 9 0 0 0 0 
172.00 38097 35861 21820 76252 38097 21820 35861 76252 1 7 0 3 0 8 7 0 0 8 0 0 0 0 
176.00 35359 40344 23413 74534 35359 23413 40344 74534 5 5 1 2 0 11 4 0 1 3 0 0 0 0 
180.00 32428 45605 25281 72347 32428 25281 45605 72347 4 3 3 3 1 3 1 0 3 3 0 0 0 0 
184.00 28933 50336 26469 69349 28933 26469 50336 69349 3 8 4 2 0 8 5 0 4 7 0 0 0 0 
188.00 26099 55421 27825 67956 26099 27825 55421 67956 2 6 3 2 0 3 3 0 4 5 0 0 0 0 
192.00 23525 58983 29363 65588 23525 29363 58983 65588 4 3 9 3 1 14 8 0 10 2 0 0 0 0 
196.00 20341 60732 30861 63728 20341 30861 60732 63728 2 5 5 4 1 12 4 0 4 4 0 0 0 0 
200.00 19606 63677 31858 62242 19606 31858 63677 62242 4 2 5 7 0 10 1 0 6 2 0 0 0 0 
204.00 19591 64798 33784 60245 19591 33784 64798 60245 3 1 3 4 0 3 3 0 3 1 0 0 0 0 
208.00 19821 64076 35667 58505 19821 35667 64076 58505 3 6 8 6 2 9 6 0 6 5 0 0 0 0 
212.00 20092 62618 37868 57287 20092 37868 62618 57287 1 1 7 3 2 9 3 0 6 1 0 0 0 0 
216.00 21714 60452 40184 55128 21714 40184 60452 55128 4 4 3 8 1 4 4 0 2 2 0 0 0 0 
220.00 23990 57234 42365 54926 23990 42365 57234 54926 0 2 7 5 1 9 2 0 6 2 0 0 0 0 
224.00 26342 53634 44410 52719 26342 44410 53634 52719 2 5 5 10 2 6 1 0 5 7 0 0 0 0 
228.00 28740 48928 47020 50104 28740 47020 48928 50104 4 1 3 3 3 7 4 0 4 2 0 0 0 0 
232.00 31712 44757 50214 48452 31712 50214 44757 48452 4 2 4 3 1 4 2 0 4 3 0 0 0 0 
236.00 35588 39380 51907 48032 35588 51907 39380 48032 3 4 5 6 7 3 6 0 5 3 0 0 0 0 
240.00 39040 34903 54764 46003 39040 54764 34903 46003 5 4 1 5 3 1 2 0 2 4 0 0 0 0 
244.00 42080 30074 57307 43964 42080 57307 30074 43964 3 2 6 4 8 4 4 0 5 3 0 0 0 0 
248.00 44867 25964 60331 41543 44867 60331 25964 41543 1 4 4 3 3 1 4 0 3 3 0 0 0 0 
252.00 47167 22964 63762 38678 47167 63762 22964 38678 3 7 6 7 4 1 6 0 6 7 0 0 0 0 
256.00 49292 20216 66757 35952 49292 66757 20216 35952 2 2 3 8 8 2 4 0 3 1 0 0 0 0 
260.00 51502 17832 68771 33230 51502 68771 17832 33230 4 2 1 5 12 1 2 0 2 1 0 0 0 0 
264.00 52215 16714 72883 30203 52215 72883 16714 30203 3 4 7 4 8 0 3 0 7 5 0 0 0 0 
268.00 53782 15502 75972 28437 53782 75972 15502 28437 2 4 3 4 5 0 4 0 4 3 0 0 0 0 
272.00 54222 14852 78302 25694 54222 78302 14852 25694 1 3 1 7 14 2 3 0 1 3 0 0 0 0 
276.00 53772 15016 79655 23853 53772 79655 15016 23853 3 1 4 2 9 1 2 0 4 1 0 0 0 0 
280.00 53427 15580 81851 22452 53427 81851 15580 22452 2 2 3 3 7 0 2 0 3 2 0 0 0 0 
284.00 52354 16344 82879 21125 52354 82879 16344 21125 2 3 7 5 10 1 2 0 7 3 0 0 0 0 
288.00 50849 17951 84030 20650 50849 84030 17951 20650 0 3 2 5 7 2 1 0 1 3 0 0 0 0 
292.00 48731 19276 82937 20626 48731 82937 19276 20626 0 0 2 7 6 1 2 0 2 0 0 0 0 0 
296.00 47592 21355 83242 21040 47592 83242 21355 21040 1 1 2 4 5 1 2 0 3 1 0 0 0 0 
300.00 45426 23805 81625 22467 45426 81625 23805 22467 1 3 5 6 6 0 3 0 5 3 0 0 0 0 
304.00 43434 25914 79463 24382 43434 79463 25914 24382 1 3 5 1 9 0 4 0 5 2 0 0 0 0 
308.00 40940 28699 77087 26515 40940 77087 28699 26515 7 2 3 7 4 0 5 0 3 0 0 0 0 0 
312.00 38362 31238 74412 30251 38362 74412 31238 30251 0 3 6 3 8 1 2 0 4 3 0 0 0 0 
316.00 35677 33122 69197 33848 35677 69197 33122 33848 1 1 9 14 4 6 1 0 9 1 0 0 0 0 
320.00 34833 35966 65103 37859 34833 65103 35966 37859 4 2 6 5 6 0 1 0 7 2 0 0 0 0 
324.00 32895 39412 60012 42580 32895 60012 39412 42580 4 3 7 4 1 2 2 0 7 3 0 0 0 0 
328.00 31500 41265 54063 47706 31500 54063 41265 47706 3 2 6 5 3 3 1 0 6 2 0 0 0 0 
332.00 30260 43472 47193 53536 30260 47193 43472 53536 2 5 3 10 2 6 5 0 3 5 0 0 0 0 
336.00 29063 45641 40875 57623 29063 40875 45641 57623 2 2 3 5 2 4 3 0 3 4 0 0 0 0 
340.00 27806 47431 35342 63166 27806 35342 47431 63166 1 2 10 7 2 7 1 0 9 3 0 0 0 0 
344.00 26614 49031 29417 67505 26614 29417 49031 67505 4 4 4 4 2 7 2 0 4 4 0 0 0 0 
348.00 25861 50619 25614 70839 25861 25614 50619 70839 1 3 0 5 1 5 2 0 0 3 0 0 0 0 
352.00 24872 51740 22209 72926 24872 22209 51740 72926 3 2 2 6 1 8 1 0 3 2 0 0 0 0 
356.00 24445 54464 20554 74337 24445 20554 54464 74337 3 6 1 4 0 9 3 0 1 7 0 0 0 0 
360.00 23625 55247 20111 74782 23625 20111 55247 74782 2 2 0 2 0 15 4 0 0 1 0 0 0 0 
