0.00 22513 61121 80118 19485 22513 80118 61121 19485 1 0 7 4 4 5 0 0 8 0 0 0 0 0 
4.00 21855 62640 80847 19437 21855 80847 62640 19437 6 1 12 4 6 4 0 0 11 1 0 0 0 0 
8.00 20939 63243 78854 20223 20939 78854 63243 20223 2 0 10 4 1 3 1 0 9 0 0 0 0 0 
12.00 20440 64279 77347 21940 20440 77347 64279 21940 4 0 5 7 5 4 1 0 5 0 0 0 0 0 
16.00 20390 64708 73688 24822 20390 73688 64708 24822 6 1 12 3 4 5 3 0 11 1 0 0 0 0 
20.00 19947 65680 68524 29255 19947 68524 65680 29255 1 1 12 5 5 5 2 0 14 1 0 0 0 0 
24.00 20022 65526 62545 34052 20022 62545 65526 34052 3 3 10 6 2 4 3 0 12 3 0 0 0 0 
28.00 20093 66330 57054 38517 20093 57054 66330 38517 4 3 6 3 1 4 3 0 7 3 0 0 0 0 
32.00 20067 66811 52043 43626 20067 52043 66811 43626 3 0 12 4 2 6 5 0 11 0 0 0 0 0 
36.00 20242 67110 45807 48494 20242 45807 67110 48494 6 3 8 3 2 3 2 0 8 3 0 0 0 0 
40.00 20526 66301 40650 53513 20526 40650 66301 53513 2 0 4 5 2 6 3 0 3 0 0 0 0 0 
44.00 20941 66443 35116 57553 20941 35116 66443 57553 4 3 3 4 0 13 5 0 3 3 0 0 0 0 
48.00 21048 66708 30644 62443 21048 30644 66708 62443 1 2 6 1 0 12 3 0 6 2 0 0 0 0 
52.00 21751 65927 27055 65317 21751 27055 65927 65317 3 6 4 5 0 14 4 0 4 5 0 0 0 0 
56.00 22467 65027 24398 68567 22467 24398 65027 68567 1 1 3 2 2 7 1 0 3 1 0 0 0 0 
60.00 23415 63238 22983 69905 23415 22983 63238 69905 3 2 3 2 0 7 1 0 3 2 0 0 0 0 
64.00 24223 62213 22267 70628 24223 22267 62213 70628 3 2 3 3 3 13 9 0 4 2 0 0 0 0 
68.00 25546 60301 22549 71562 25546 22549 60301 71562 2 3 1 5 0 12 4 0 1 3 0 0 0 0 
72.00 27028 58116 23415 70769 27028 23415 58116 70769 1 3 1 1 1 11 4 0 1 2 0 0 0 0 
76.00 28294 55982 25587 69103 28294 25587 55982 69103 6 1 5 4 3 8 0 0 4 0 0 0 0 0 
80.00 29661 53357 27840 68136 29661 27840 53357 68136 6 5 5 4 1 3 4 0 5 3 0 0 0 0 
84.00 31059 51265 30933 65135 31059 30933 51265 65135 2 1 3 2 3 4 3 0 3 1 0 0 0 0 
88.00 33570 48343 34402 63565 33570 34402 48343 63565 2 6 6 6 2 4 7 0 7 6 0 0 0 0 
92.00 35558 44439 37949 59638 35558 37949 44439 59638 4 8 3 8 2 6 4 0 3 8 0 0 0 0 
96.00 38081 41073 41780 56363 38081 41780 41073 56363 3 5 1 6 3 4 6 0 1 4 0 0 0 0 
100.00 40892 37012 44989 53596 40892 44989 37012 53596 5 4 5 7 0 6 5 0 3 3 0 0 0 0 
104.00 43359 34372 49580 50477 43359 49580 34372 50477 4 5 1 4 7 8 4 0 1 5 0 0 0 0 
108.00 46264 30003 52781 47941 46264 52781 30003 47941 4 7 2 7 4 5 6 0 2 6 0 0 0 0 
112.00 48670 26830 56385 44182 48670 56385 26830 44182 4 5 5 8 4 2 5 0 6 4 0 0 0 0 
116.00 50400 23684 59825 41262 50400 59825 23684 41262 3 6 1 3 5 2 4 0 2 6 0 0 0 0 
120.00 52357 21352 62831 38213 52357 62831 21352 38213 2 5 2 4 4 1 5 0 2 7 0 0 0 0 
124.00 54494 19269 66026 35860 54494 66026 19269 35860 3 4 3 5 12 1 3 0 3 3 0 0 0 0 
128.00 54688 16834 67649 33864 54688 67649 16834 33864 1 1 2 4 8 2 3 0 2 2 0 0 0 0 
132.00 56425 15768 70725 32334 56425 70725 15768 32334 5 2 2 9 7 0 8 0 2 2 0 0 0 0 
136.00 56172 15402 72669 29393 56172 72669 15402 29393 2 1 1 3 14 0 1 0 2 1 0 0 0 0 
140.00 56412 16177 74584 27832 56412 74584 16177 27832 3 4 2 7 12 4 4 0 2 4 0 0 0 0 
144.00 56205 17238 76545 26627 56205 76545 17238 26627 0 2 1 3 10 0 3 0 1 2 0 0 0 0 
148.00 55032 19224 78121 25108 55032 78121 19224 25108 2 5 1 4 9 1 4 0 1 5 0 0 0 0 
152.00 51813 21430 77861 24283 51813 77861 21430 24283 2 0 4 6 9 0 4 0 4 0 0 0 0 0 
156.00 49320 24996 78914 23696 49320 78914 24996 23696 5 3 2 6 10 2 1 0 3 1 0 0 0 0 
160.00 46565 29601 79029 22831 46565 79029 29601 22831 4 1 1 2 9 1 3 0 2 1 0 0 0 0 
164.00 43110 34005 80027 22739 43110 80027 34005 22739 2 3 5 2 9 3 1 0 4 3 0 0 0 0 
168.00 40174 38520 79251 22585 40174 79251 38520 22585 3 1 4 6 4 0 1 0 5 3 0 0 0 0 
172.00 36303 43432 79077 22358 36303 79077 43432 22358 8 1 3 3 6 1 3 0 4 1 0 0 0 0 
176.00 32715 49134 78247 22336 32715 78247 49134 22336 2 2 4 4 7 0 3 0 4 2 0 0 0 0 
180.00 28903 53986 78473 22040 28903 78473 53986 22040 1 1 7 5 7 4 2 0 6 2 0 0 0 0 
184.00 26759 57382 76772 23031 26759 76772 57382 23031 3 2 5 3 3 1 3 0 6 2 0 0 0 0 
188.00 24012 61353 75536 23431 24012 75536 61353 23431 3 0 11 4 1 5 1 0 12 0 0 0 0 0 
192.00 21834 63793 73935 23832 21834 73935 63793 23832 0 2 6 2 7 2 2 0 6 2 0 0 0 0 
196.00 19851 64491 72362 24610 19851 72362 64491 24610 2 0 8 3 8 5 2 0 11 0 0 0 0 0 
200.00 19930 66092 72441 24686 19930 72441 66092 24686 4 1 11 4 3 3 2 0 9 1 0 0 0 0 
204.00 20917 66848 70764 26253 20917 70764 66848 26253 7 1 11 6 5 2 2 0 11 1 0 0 0 0 
208.00 22507 65542 69603 26882 22507 69603 65542 26882 2 2 10 3 1 2 1 0 10 2 0 0 0 0 
212.00 23808 63516 67387 29133 23808 67387 63516 29133 2 0 9 2 2 1 0 0 8 0 0 0 0 0 
216.00 26642 59374 65612 30071 26642 65612 59374 30071 3 2 11 2 3 2 1 0 10 2 0 0 0 0 
220.00 29646 56175 63264 32456 29646 63264 56175 32456 1 1 6 2 0 2 1 0 7 1 0 0 0 0 
224.00 33008 51661 61404 35009 33008 61404 51661 35009 3 1 3 4 6 1 1 0 4 0 0 0 0 0 
228.00 36220 47074 58922 38024 36220 58922 47074 38024 4 4 3 1 3 3 2 0 3 4 0 0 0 0 
232.00 40164 41723 56311 40047 40164 56311 41723 40047 5 6 4 2 4 1 6 0 4 5 0 0 0 0 
236.00 43279 36320 54185 43288 43279 54185 36320 43288 8 7 4 9 4 3 3 0 5 7 0 0 0 0 
240.00 46049 31431 52326 45994 46049 52326 31431 45994 1 1 7 10 4 4 4 0 7 1 0 0 0 0 
244.00 49291 28119 49327 49726 49291 49327 28119 49726 1 6 0 6 10 2 6 0 0 5 0 0 0 0 
248.00 51458 23438 46910 52734 51458 46910 23438 52734 2 9 3 9 3 4 9 0 3 9 0 0 0 0 
252.00 52134 20556 43554 55436 52134 43554 20556 55436 2 2 0 7 6 2 8 0 0 2 0 0 0 0 
256.00 54207 18305 41068 59393 54207 41068 18305 59393 2 3 1 3 3 6 6 0 1 4 0 0 0 0 
260.00 54800 16205 37852 62580 54800 37852 16205 62580 2 11 1 8 4 1 9 0 2 8 0 0 0 0 
264.00 55639 15686 34693 67056 55639 34693 15686 67056 1 14 3 3 2 3 6 0 3 13 0 0 0 0 
268.00 55102 15242 32985 69138 55102 32985 15242 69138 2 13 3 8 5 3 9 0 3 11 0 0 0 0 
272.00 54662 15318 30498 71051 54662 30498 15318 71051 1 7 0 4 5 2 9 0 0 7 0 0 0 0 
276.00 54122 16553 28124 73332 54122 28124 16553 73332 5 6 0 1 3 1 9 0 0 6 0 0 0 0 
280.00 52450 18202 26657 74746 52450 26657 18202 74746 5 9 2 6 2 3 8 0 2 8 0 0 0 0 
284.00 50668 20700 24607 75274 50668 24607 20700 75274 1 7 2 1 3 1 8 0 2 6 0 0 0 0 
288.00 49402 22984 23764 76384 49402 23764 22984 76384 2 8 0 3 6 3 6 0 0 9 0 0 0 0 
292.00 46991 25857 23505 76230 46991 23505 25857 76230 1 11 2 4 4 3 10 0 2 9 0 0 0 0 
296.00 45688 28425 22940 75635 45688 22940 28425 75635 3 9 0 3 1 10 13 0 0 10 0 0 0 0 
300.00 43730 31982 23696 74649 43730 23696 31982 74649 5 8 4 13 3 2 7 0 4 5 0 0 0 0 
304.00 41992 35210 24855 72527 41992 24855 35210 72527 1 4 3 3 0 4 8 0 4 4 0 0 0 0 
308.00 39559 38459 26461 69838 39559 26461 38459 69838 4 6 2 3 0 4 8 0 2 6 0 0 0 0 
312.00 36726 41825 29205 66050 36726 29205 41825 66050 3 6 1 4 3 6 5 0 2 6 0 0 0 0 
316.00 34450 43810 32463 63743 34450 32463 43810 63743 0 3 4 0 1 7 7 0 4 4 0 0 0 0 
320.00 33349 46626 35891 59103 33349 35891 46626 59103 4 7 2 5 2 3 10 0 2 6 0 0 0 0 
324.00 32308 49771 40573 54836 32308 40573 49771 54836 5 4 5 3 1 7 4 0 4 4 0 0 0 0 
328.00 30771 51291 45792 50127 30771 45792 51291 50127 5 4 5 7 5 5 5 0 5 3 0 0 0 0 
332.00 28857 53779 51140 45605 28857 51140 53779 45605 4 3 6 3 3 3 1 0 5 3 0 0 0 0 
336.00 27675 54928 57055 39240 27675 57055 54928 39240 2 2 2 1 3 6 4 0 3 2 0 0 0 0 
340.00 26361 56439 61738 34965 26361 61738 56439 34965 5 1 5 4 1 5 3 0 5 1 0 0 0 0 
344.00 25319 56764 67102 30374 25319 67102 56764 30374 7 0 5 2 4 5 1 0 5 0 0 0 0 0 
348.00 24103 58130 71455 26429 24103 71455 58130 26429 1 2 5 6 3 3 3 0 6 2 0 0 0 0 
352.00 23186 59378 75027 22887 23186 75027 59378 22887 0 3 9 2 3 2 5 0 10 2 0 0 0 0 
356.00 21786 59891 77380 20554 21786 77380 59891 20554 0 2 8 1 1 3 3 0 7 1 0 0 0 0 
360.00 21715 60272 79264 19194 21715 79264 60272 19194 7 3 8 1 7 3 0 0 7 3 0 0 0 0 
