0.00 3604 121512 144493 20218 3604 144493 121512 20218 1 0 38 7 0 3 0 0 32 0 0 0 0 0 
4.00 3580 121261 152210 13040 3580 152210 121261 13040 1 0 48 4 0 3 0 0 44 0 0 0 0 0 
8.00 3697 120803 159141 6641 3697 159141 120803 6641 1 0 38 3 2 3 0 0 36 0 0 0 0 0 
12.00 3923 120744 160528 4312 3923 160528 120744 4312 0 0 30 0 1 0 0 0 29 0 0 0 0 0 
16.00 5055 119251 160261 4744 5055 160261 119251 4744 0 0 36 1 3 1 0 0 35 0 0 0 0 0 
20.00 5879 119602 156470 7788 5879 156470 119602 7788 0 0 49 4 2 1 0 0 46 0 0 0 0 0 
24.00 6300 119330 148338 15436 6300 148338 119330 15436 0 0 34 8 5 2 0 0 33 0 0 0 0 0 
28.00 7471 119482 137188 24617 7471 137188 119482 24617 1 0 38 7 0 3 0 0 39 0 0 0 0 0 
32.00 9171 117765 124790 35291 9171 124790 117765 35291 2 0 32 11 1 13 1 0 30 0 0 0 0 0 
36.00 10631 117020 109767 48210 10631 109767 117020 48210 1 0 33 7 1 11 1 0 29 0 0 0 0 0 
40.00 12688 115265 96136 60961 12688 96136 115265 60961 3 0 33 14 2 13 0 0 31 0 0 0 0 0 
44.00 14742 113902 78878 76578 14742 78878 113902 76578 2 1 23 5 0 21 2 0 21 1 0 0 0 0 
48.00 17522 110434 64700 89769 17522 64700 110434 89769 4 1 13 17 2 23 1 0 11 1 0 0 0 0 
52.00 19970 106995 50065 103739 19970 50065 106995 103739 2 4 13 9 1 20 4 0 13 3 0 0 0 0 
56.00 22795 103277 37232 115678 22795 37232 103277 115678 8 3 9 6 3 24 10 0 8 2 0 0 0 0 
60.00 26161 99322 26200 126567 26161 26200 99322 126567 6 5 5 10 2 27 4 0 5 5 0 0 0 0 
64.00 29426 94101 17469 135912 29426 17469 94101 135912 3 10 3 6 4 25 13 0 2 8 0 0 0 0 
68.00 33683 87754 11236 142132 33683 11236 87754 142132 6 6 4 3 0 19 7 0 4 5 0 0 0 0 
72.00 38037 81135 7110 146328 38037 7110 81135 146328 9 13 0 3 2 27 12 0 0 11 0 0 0 0 
76.00 42756 74069 5063 149390 42756 5063 74069 149390 5 13 1 0 0 28 9 0 1 12 0 0 0 0 
80.00 47860 67075 5267 150353 47860 5267 67075 150353 2 12 0 3 0 37 13 0 0 14 0 0 0 0 
84.00 53512 59024 7631 148747 53512 7631 59024 148747 3 21 1 2 1 16 13 0 2 20 0 0 0 0 
88.00 56991 54260 12622 144512 56991 12622 54260 144512 8 14 0 2 0 23 13 0 0 17 0 0 0 0 
92.00 62727 45974 18006 140189 62727 18006 45974 140189 11 25 4 4 1 13 29 0 4 24 0 0 0 0 
96.00 69003 38451 25235 134544 69003 25235 38451 134544 7 21 3 7 5 7 19 0 3 19 0 0 0 0 
100.00 74337 31871 33819 126908 74337 33819 31871 126908 7 22 2 11 2 4 21 0 1 22 0 0 0 0 
104.00 79343 24726 41800 119578 79343 41800 24726 119578 4 18 3 9 11 10 20 0 3 17 0 0 0 0 
108.00 84406 19145 51446 110402 84406 51446 19145 110402 2 24 5 8 9 2 20 0 5 23 0 0 0 0 
112.00 89664 13964 59810 101787 89664 59810 13964 101787 4 21 1 14 9 4 24 0 1 21 0 0 0 0 
116.00 93121 10168 67161 93386 93121 67161 10168 93386 2 16 3 8 14 3 17 0 3 16 0 0 0 0 
120.00 95295 8246 78641 83159 95295 78641 8246 83159 6 18 0 16 12 2 17 0 0 15 0 0 0 0 
124.00 97042 7226 88383 72925 97042 88383 7226 72925 0 13 4 12 17 1 15 0 5 14 0 0 0 0 
128.00 95910 8436 96694 63833 95910 96694 8436 63833 2 17 1 11 18 2 20 0 1 15 0 0 0 0 
132.00 94151 10401 105327 55322 94151 105327 10401 55322 2 9 4 15 15 0 14 0 3 10 0 0 0 0 
136.00 91578 14423 113846 46653 91578 113846 14423 46653 1 6 2 16 16 3 8 0 2 8 0 0 0 0 
140.00 88644 19813 122075 39912 88644 122075 19813 39912 2 8 7 10 24 0 12 0 7 9 0 0 0 0 
144.00 83058 27411 128428 33709 83058 128428 27411 33709 3 6 5 9 31 1 11 0 6 6 0 0 0 0 
148.00 75932 35527 134359 27739 75932 134359 35527 27739 4 0 9 9 13 4 2 0 10 0 0 0 0 0 
152.00 68337 44256 139565 21593 68337 139565 44256 21593 8 4 12 6 15 4 3 0 11 4 0 0 0 0 
156.00 59802 55238 143450 17864 59802 143450 55238 17864 11 2 13 6 23 3 2 0 12 2 0 0 0 0 
160.00 50343 67449 147633 14397 50343 147633 67449 14397 2 1 26 3 16 0 0 0 28 1 0 0 0 0 
164.00 40980 78140 151930 11674 40980 151930 78140 11674 9 3 26 1 16 2 2 0 26 3 0 0 0 0 
168.00 32638 88244 155588 8759 32638 155588 88244 8759 7 1 33 5 12 3 2 0 33 1 0 0 0 0 
172.00 24642 97851 159038 6538 24642 159038 97851 6538 6 0 39 3 4 4 0 0 35 0 0 0 0 0 
176.00 17530 106383 160783 5330 17530 160783 106383 5330 4 0 39 2 3 0 0 0 42 0 0 0 0 0 
180.00 10879 113434 161564 4864 10879 161564 113434 4864 2 0 44 2 5 3 1 0 47 1 0 0 0 0 
184.00 6428 119279 162315 4375 6428 162315 119279 4375 3 0 39 3 2 0 0 0 35 0 0 0 0 0 
188.00 3876 122731 162033 4367 3876 162033 122731 4367 1 0 41 2 0 1 0 0 40 0 0 0 0 0 
192.00 3348 123735 161031 4302 3348 161031 123735 4302 0 0 49 0 1 0 0 0 50 0 0 0 0 0 
196.00 5458 119419 157812 4534 5458 157812 119419 4534 2 0 22 5 1 0 0 0 25 0 0 0 0 0 
200.00 9960 115100 158136 5049 9960 158136 115100 5049 2 0 38 4 6 1 0 0 36 0 0 0 0 0 
204.00 15240 109777 158819 6081 15240 158819 109777 6081 2 0 38 3 7 1 0 0 40 0 0 0 0 0 
208.00 21525 102838 156894 7344 21525 156894 102838 7344 8 1 35 1 5 1 1 0 30 1 0 0 0 0 
212.00 31200 90060 154415 8100 31200 154415 90060 8100 9 2 31 0 9 0 2 0 28 2 0 0 0 0 
216.00 41142 78712 153463 9289 41142 153463 78712 9289 7 2 31 4 16 1 0 0 30 2 0 0 0 0 
220.00 48664 69405 149938 13066 48664 149938 69405 13066 9 4 26 4 14 2 0 0 25 3 0 0 0 0 
224.00 58264 58112 146384 15671 58264 146384 58112 15671 5 3 18 4 16 2 4 0 17 3 0 0 0 0 
228.00 67173 46573 142213 19073 67173 142213 46573 19073 11 5 11 3 16 2 6 0 11 5 0 0 0 0 
232.00 74987 36377 137271 23220 74987 137271 36377 23220 2 8 12 7 17 0 4 0 11 7 0 0 0 0 
236.00 81991 26669 132856 27457 81991 132856 26669 27457 4 3 9 9 26 2 3 0 10 4 0 0 0 0 
240.00 87334 19977 127591 33137 87334 127591 19977 33137 2 10 8 12 22 0 10 0 6 10 0 0 0 0 
244.00 91865 14013 120404 40450 91865 120404 14013 40450 3 7 3 8 17 1 9 0 3 7 0 0 0 0 
248.00 93746 10332 114845 47531 93746 114845 10332 47531 1 8 4 12 23 0 9 0 4 10 0 0 0 0 
252.00 94509 8482 106136 56374 94509 106136 8482 56374 4 12 3 14 16 1 9 0 2 13 0 0 0 0 
256.00 94268 8060 99075 63509 94268 99075 8060 63509 0 6 0 9 17 0 6 0 0 10 0 0 0 0 
260.00 91916 9538 91289 71725 91916 91289 9538 71725 2 14 1 21 19 0 13 0 1 15 0 0 0 0 
264.00 89651 12263 82212 80510 89651 82212 12263 80510 0 12 2 8 17 2 13 0 2 13 0 0 0 0 
268.00 85485 16009 71148 91292 85485 71148 16009 91292 2 16 3 14 9 4 18 0 3 15 0 0 0 0 
272.00 80274 22597 63532 98429 80274 63532 22597 98429 3 15 1 22 13 1 15 0 0 17 0 0 0 0 
276.00 74552 29975 55161 106103 74552 55161 29975 106103 3 16 5 14 11 4 20 0 5 19 0 0 0 0 
280.00 68634 36953 45012 115020 68634 45012 36953 115020 5 21 4 10 13 11 13 0 4 19 0 0 0 0 
284.00 62961 45005 36673 122681 62961 36673 45005 122680 5 13 5 10 3 9 18 0 5 17 0 0 0 0 
288.00 56213 54547 28144 129724 56213 28144 54547 129724 6 18 3 8 3 21 12 0 4 20 0 0 0 0 
292.00 50649 62029 20580 136244 50649 20580 62029 136244 6 15 2 10 2 15 13 0 3 13 0 0 0 0 
296.00 44992 71422 14524 140177 44992 14524 71422 140177 4 14 1 7 1 12 8 0 1 14 0 0 0 0 
300.00 39619 79211 9881 143593 39619 9881 79211 143593 8 8 2 6 1 20 11 0 2 9 0 0 0 0 
304.00 34335 86415 6387 146518 34335 6387 86415 146518 3 13 1 2 0 26 8 0 1 13 0 0 0 0 
308.00 29108 94902 4685 146492 29108 4685 94902 146492 5 9 1 0 0 26 10 0 1 12 0 0 0 0 
312.00 24699 99869 4544 143737 24699 4544 99869 143737 3 7 1 1 0 30 10 0 1 6 0 0 0 0 
316.00 19816 106873 6160 139375 19816 6160 106873 139375 6 7 1 2 0 37 7 0 1 6 0 0 0 0 
320.00 17290 111435 11014 137244 17290 11014 111435 137244 3 8 1 2 0 28 4 0 1 8 0 0 0 0 
324.00 14062 115224 17823 131596 14062 17823 115224 131596 3 4 3 2 0 34 3 0 2 2 0 0 0 0 
328.00 11525 119039 26534 124514 11525 26534 119039 124514 5 4 6 7 0 36 2 0 6 3 0 0 0 0 
332.00 9290 120594 38528 113368 9290 38528 120594 113368 4 2 8 5 1 26 0 0 7 2 0 0 0 0 
336.00 7290 122107 49897 103366 7290 49897 122107 103366 0 1 11 9 1 32 0 0 10 1 0 0 0 0 
340.00 6282 122336 66987 89646 6282 66987 122336 89646 2 3 12 17 1 22 1 0 14 2 0 0 0 0 
344.00 5555 122473 83111 74681 5555 83111 122473 74681 1 0 21 12 1 16 0 0 19 0 0 0 0 0 
348.00 4346 122497 99151 60461 4346 99151 122497 60461 2 0 22 13 2 15 0 0 22 0 0 0 0 0 
352.00 3796 122956 114617 47013 3796 114617 122956 47013 0 1 27 17 0 11 0 0 31 1 0 0 0 0 
356.00 3535 121631 126924 35387 3535 126924 121631 35387 0 0 31 12 1 11 0 0 25 0 0 0 0 0 
360.00 3416 121205 141281 23578 3416 141281 121205 23578 0 0 32 8 1 5 0 0 36 0 0 0 0 0 
