12.96 74650 231547 70052 537578 74650 70052 231547 537578 760 2163 478 503 256 4095 49 0 478 2162 0 0 0 0 
13.02 76172 232675 70527 538024 76172 70527 232675 538024 717 2236 478 523 276 4044 41 0 478 2232 0 0 0 0 
13.08 79472 239180 70135 541927 79472 70135 239180 541927 832 2523 550 561 319 4567 42 0 550 2521 0 0 0 0 
13.14 83634 247366 70729 543260 83634 70729 247366 543260 828 2639 636 598 331 4933 51 0 636 2636 0 0 0 0 
13.20 88927 252587 71523 546569 88927 71523 252587 546569 910 2958 625 621 326 5260 59 0 625 2952 0 0 0 0 
13.26 94404 261731 71246 550967 94404 71246 261731 550967 1059 3137 721 728 354 5608 63 0 721 3130 0 0 0 0 
13.32 99728 270763 72572 554837 99728 72572 270763 554837 1127 3315 776 809 423 6363 53 0 774 3316 0 0 0 0 
13.38 107164 281335 73157 561421 107164 73157 281335 561421 1247 3808 866 813 468 6847 56 0 859 3809 0 0 0 0 
13.44 113815 292411 74087 566627 113815 74087 292411 566627 1376 4126 952 869 504 7543 72 0 952 4125 0 0 0 0 
13.50 119694 302333 74835 572192 119694 74835 302333 572192 1390 4494 980 886 504 7932 65 0 978 4494 0 0 0 0 
13.56 125560 312640 75784 576388 125560 75784 312640 576388 1585 4874 1048 1014 547 8646 84 0 1049 4875 0 0 0 0 
13.62 133123 319888 76209 581053 133123 76209 319888 581053 1697 5061 1039 1147 593 9384 91 0 1039 5057 0 0 0 0 
13.64 134996 323410 76537 582019 134996 76537 323410 582019 1739 5236 1111 1191 637 9662 80 0 1110 5221 0 0 0 0 
13.66 135489 326815 77122 583394 135489 77122 326815 583394 1672 5251 1128 1159 677 10024 93 0 1130 5247 0 0 0 0 
13.68 136047 329787 76964 583470 136047 76964 329787 583470 1742 5316 1218 1243 605 9721 64 0 1215 5316 0 0 0 0 
13.70 137138 332536 76687 585476 137138 76687 332536 585476 1793 5244 1321 1163 648 9641 81 0 1320 5236 0 0 0 0 
13.72 140346 334105 76864 583929 140346 76864 334105 583929 1899 5364 1368 1027 671 9113 97 0 1370 5358 0 0 0 0 
13.74 141641 337920 77423 586346 141641 77423 337920 586346 1831 5265 1462 905 674 8358 94 0 1459 5265 0 0 0 0 
13.76 145777 339931 77263 587480 145777 77263 339931 587480 2079 5491 1690 706 710 7676 78 0 1689 5493 0 0 0 0 
13.78 147343 342129 77817 588203 147343 77817 342129 588203 2112 5458 1775 542 770 6686 98 0 1771 5454 0 0 0 0 
13.80 148284 348526 78252 587702 148284 78252 348526 587702 2207 5230 1977 424 746 5831 99 0 1978 5225 0 0 0 0 
13.82 152650 349333 78516 589984 152650 78516 349333 589984 2283 5453 2155 303 791 4923 110 0 2155 5445 0 0 0 0 
13.84 154761 356855 78734 591842 154761 78734 356855 591842 2382 5463 2227 248 854 4598 88 0 2223 5458 0 0 0 0 
13.86 158205 360816 79437 594656 158205 79437 360816 594656 2471 5724 2280 280 744 4816 109 0 2276 5717 0 0 0 0 
13.88 158831 366404 79375 596747 158831 79375 366404 596747 2477 5758 2260 386 857 5423 110 0 2263 5752 0 0 0 0 
13.90 162521 370249 80390 599049 162521 80390 370249 599049 2607 5992 2108 598 886 6493 103 0 2110 5998 0 0 0 0 
13.92 164679 374348 80171 600537 164679 80171 374348 600537 2433 6203 2084 841 826 7898 103 0 2089 6200 0 0 0 0 
13.94 166841 377636 80517 603506 166841 80517 377636 603506 2433 6650 1960 1052 833 9571 109 0 1958 6649 0 0 0 0 
13.96 168997 383797 81411 608075 168997 81411 383797 608075 2374 6882 1838 1319 874 11204 95 0 1835 6874 0 0 0 0 
13.98 169900 386919 80751 609540 169900 80751 386919 609540 2370 7058 1640 1548 840 12571 106 0 1639 7057 0 0 0 0 
14.00 176181 389021 81772 611919 176180 81772 389021 611918 2369 7597 1574 1616 914 13210 110 0 1570 7597 0 0 0 0 
14.02 177469 392293 81837 615959 177469 81837 392293 615959 2475 7751 1527 1723 858 13926 126 0 1528 7746 0 0 0 0 
14.04 174807 401188 81986 615401 174807 81986 401188 615401 2389 7398 1541 1750 864 14572 125 0 1542 7393 0 0 0 0 
14.06 179626 404042 82728 618159 179626 82728 404042 618159 2584 7683 1690 1832 854 14654 110 0 1687 7678 0 0 0 0 
14.08 178379 409236 82598 618179 178379 82598 409236 618179 2519 7553 1789 1782 874 14639 109 0 1785 7551 0 0 0 0 
14.10 181264 410391 82052 620029 181264 82052 410391 620029 2506 7691 1765 1655 935 14230 114 0 1763 7684 0 0 0 0 
14.16 186852 420611 83588 623753 186852 83588 420611 623753 2595 7867 1728 1760 928 14704 122 0 1729 7868 0 0 0 0 
14.22 193191 426176 84189 627891 193191 84189 426176 627891 2762 8391 1914 1772 1023 15037 118 0 1913 8397 0 0 0 0 
14.28 195213 436844 84751 629690 195213 84751 436844 629690 2802 8398 1846 1875 993 15618 122 0 1853 8398 0 0 0 0 
14.34 200151 441403 84733 631354 200151 84733 441403 631354 2934 8468 1905 1878 1001 15821 133 0 1909 8472 0 0 0 0 
14.40 201362 446161 85019 632889 201362 85019 446161 632889 2948 8528 1980 1944 1045 16122 127 0 1976 8525 0 0 0 0 
14.46 207364 446519 85604 634833 207364 85604 446519 634833 2982 8752 1934 1898 1090 15749 132 0 1938 8751 0 0 0 0 
14.52 205738 451313 86266 634409 205738 86266 451313 634409 2959 8724 1990 1897 1058 16134 118 0 1990 8726 0 0 0 0 
14.58 205341 454781 85853 637134 205341 85853 454781 637134 2894 8714 2012 1920 1050 16284 156 0 2012 8712 0 0 0 0 
14.64 206395 453181 85858 637855 206395 85858 453181 637855 2941 8708 2043 1845 1041 15965 119 0 2035 8699 0 0 0 0 
14.70 208428 449293 86030 635497 208428 86030 449293 635497 2866 8629 1932 1907 1046 15673 139 0 1934 8621 0 0 0 0 
14.76 208070 449653 84937 633656 208070 84937 449653 633656 2994 8577 1939 1783 1037 15538 136 0 1938 8580 0 0 0 0 
