0.00 5122 113741 7041 30579 5122 7041 113741 30579 0 0 2 1 0 7 0 0 1 0 0 0 0 0 
4.00 4633 115945 6419 31368 4633 6419 115945 31368 1 0 1 1 0 8 0 0 1 0 0 0 0 0 
8.00 3937 117510 6169 31160 3937 6169 117510 31160 1 1 1 0 0 7 2 0 1 1 0 0 0 0 
12.00 3439 117746 6631 30767 3439 6631 117746 30767 0 0 1 1 0 11 1 0 1 0 0 0 0 0 
16.00 3223 117850 7491 30312 3223 7491 117850 30312 1 1 2 0 0 7 1 0 2 1 0 0 0 0 
20.00 3199 118296 9675 28247 3199 9675 118296 28247 0 0 1 1 1 10 0 0 1 0 0 0 0 0 
24.00 3588 117578 11842 26627 3588 11842 117578 26627 0 0 2 1 0 5 0 0 1 0 0 0 0 0 
28.00 3952 115652 14371 24961 3952 14371 115652 24961 1 0 6 0 0 8 0 0 5 0 0 0 0 0 
32.00 4617 114842 17260 22050 4617 17260 114842 22050 0 0 3 0 0 5 0 0 3 0 0 0 0 0 
36.00 5212 114667 20485 19336 5212 20485 114667 19336 4 0 1 1 0 4 0 0 1 0 0 0 0 0 
40.00 5991 112796 23512 16720 5991 23512 112796 16720 0 0 2 1 0 5 0 0 3 0 0 0 0 0 
44.00 7055 112285 26926 14064 7055 26926 112285 14064 1 0 4 0 0 2 0 0 4 0 0 0 0 0 
48.00 9304 109196 29299 11925 9304 29299 109196 11925 3 0 11 0 1 1 0 0 12 0 0 0 0 0 
52.00 11464 106079 31152 9962 11464 31152 106079 9962 1 0 6 0 3 1 0 0 6 0 0 0 0 0 
56.00 13939 103635 32945 8554 13939 32945 103635 8554 4 0 9 1 1 2 0 0 8 0 0 0 0 0 
60.00 17646 97712 33831 7634 17646 33831 97712 7634 5 1 8 0 0 1 1 0 8 1 0 0 0 0 
64.00 20062 95425 34638 6804 20062 34638 95425 6804 1 0 6 0 3 0 0 0 4 0 0 0 0 0 
68.00 23756 90100 34998 6346 23756 34998 90100 6346 5 0 6 0 0 1 0 0 6 0 0 0 0 0 
72.00 27277 84745 35058 6272 27277 35058 84745 6272 4 0 4 0 3 1 0 0 5 0 0 0 0 0 
76.00 32774 79172 34423 6581 32774 34423 79172 6581 7 1 6 0 4 0 1 0 7 1 0 0 0 0 
80.00 38293 73148 34103 7464 38293 34103 73148 7464 6 1 5 1 0 0 2 0 5 1 0 0 0 0 
84.00 42569 66700 32541 8589 42569 32541 66700 8589 2 1 2 0 2 1 0 0 1 1 0 0 0 0 
88.00 46921 61367 30369 10651 46921 30369 61367 10651 5 1 6 0 2 0 0 0 6 1 0 0 0 0 
92.00 51262 55307 28584 12165 51262 28584 55307 12165 3 0 7 2 1 3 2 0 8 0 0 0 0 0 
96.00 56717 50124 27049 14436 56717 27049 50124 14436 7 2 0 0 2 3 1 0 0 2 0 0 0 0 
100.00 63855 39551 24893 16673 63855 24893 39551 16673 6 4 0 0 4 1 0 0 0 4 0 0 0 0 
104.00 69944 30655 22879 18373 69944 22879 30655 18373 3 5 1 1 1 0 2 0 1 4 0 0 0 0 
108.00 74871 25235 21402 20780 74871 21402 25235 20780 3 3 0 0 3 1 2 0 0 4 0 0 0 0 
112.00 80872 18002 20209 22560 80872 20209 18002 22560 6 6 1 0 7 1 2 0 1 5 0 0 0 0 
116.00 85354 12054 18441 25318 85354 18441 12054 25318 5 4 0 0 7 1 4 0 0 4 0 0 0 0 
120.00 88224 7331 16787 27239 88224 16787 7331 27239 1 6 0 1 2 0 5 0 0 6 0 0 0 0 
124.00 90796 4561 15497 29283 90796 15497 4561 29283 2 8 0 0 1 0 5 0 0 7 0 0 0 0 
128.00 91408 2739 14590 31321 91408 14590 2739 31321 0 6 0 0 3 0 8 0 0 4 0 0 0 0 
132.00 91912 2653 12697 33762 91912 12697 2653 33762 0 14 0 1 4 1 14 0 0 12 0 0 0 0 
136.00 90919 4014 11515 34545 90919 11515 4014 34545 1 8 0 0 2 0 5 0 0 8 0 0 0 0 
140.00 89365 7271 9882 36238 89365 9882 7271 36238 2 5 0 0 3 0 6 0 0 6 0 0 0 0 
144.00 85785 11640 8767 36341 85785 8767 11640 36341 1 8 1 1 3 1 8 0 1 8 0 0 0 0 
148.00 80687 17920 8335 36517 80687 8335 17920 36517 1 7 0 0 1 0 8 0 0 7 0 0 0 0 
152.00 72644 27016 7755 36496 72644 7755 27016 36496 3 7 0 2 0 2 6 0 0 8 0 0 0 0 
156.00 66145 36972 7166 36979 66145 7166 36972 36979 3 4 1 1 0 2 6 0 1 3 0 0 0 0 
160.00 58394 49252 6851 36725 58394 6851 49252 36725 13 3 0 0 0 1 4 0 0 3 0 0 0 0 
164.00 50086 60472 6524 36091 50086 6524 60472 36091 7 5 1 2 0 3 4 0 1 5 0 0 0 0 
168.00 43558 70786 6273 35824 43558 6273 70786 35824 4 7 1 0 1 6 5 0 1 5 0 0 0 0 
172.00 34400 82379 6293 34992 34400 6293 82379 34992 5 1 1 1 1 4 8 0 1 0 0 0 0 0 
176.00 25451 94780 6364 34694 25451 6364 94780 34694 4 2 1 0 2 6 0 0 1 2 0 0 0 0 
180.00 19119 103095 6684 33549 19119 6684 103095 33549 5 2 0 1 1 5 1 0 0 2 0 0 0 0 
184.00 11962 112554 6784 32450 11962 6784 112554 32450 3 1 2 0 0 8 1 0 4 1 0 0 0 0 
188.00 6836 120405 6898 32369 6836 6898 120405 32369 7 0 5 0 0 7 0 0 5 0 0 0 0 0 
192.00 4711 124184 7484 31554 4711 7484 124184 31554 0 0 1 0 0 10 1 0 1 0 0 0 0 0 
196.00 3418 124983 7654 30983 3418 7654 124983 30983 0 0 8 0 0 11 0 0 9 0 0 0 0 0 
200.00 4582 125045 8447 30878 4582 8447 125045 30878 0 2 3 0 0 8 2 0 3 2 0 0 0 0 
204.00 7596 122363 9019 30189 7596 9019 122363 30189 1 0 1 2 1 9 0 0 1 0 0 0 0 0 
208.00 12372 114806 9505 30936 12372 9505 114806 30936 1 0 1 0 0 11 1 0 1 0 0 0 0 0 
212.00 18208 104794 10100 30385 18208 10100 104794 30385 4 0 4 0 0 9 2 0 4 0 0 0 0 0 
216.00 26899 94467 10726 30810 26899 10726 94467 30810 7 1 2 0 1 4 4 0 2 2 0 0 0 0 
220.00 34324 84860 11716 30708 34324 11716 84860 30708 6 2 1 1 1 5 1 0 1 3 0 0 0 0 
224.00 43383 74090 12509 30162 43383 12509 74090 30162 1 3 0 1 0 5 1 0 0 3 0 0 0 0 
228.00 54013 59510 13476 29739 54013 13476 59510 29739 9 2 1 1 3 3 3 0 1 3 0 0 0 0 
232.00 61261 48351 14479 29155 61261 14479 48351 29155 5 2 3 0 3 3 6 0 4 2 0 0 0 0 
236.00 68904 38609 15969 28447 68904 15969 38609 28447 3 3 3 0 5 2 4 0 2 2 0 0 0 0 
240.00 78264 25506 17370 27559 78264 17370 25506 27559 4 5 1 1 2 1 4 0 1 6 0 0 0 0 
244.00 85295 17673 18478 26721 85295 18478 17673 26721 2 1 0 2 4 1 5 0 0 1 0 0 0 0 
248.00 90417 10751 19532 25798 90417 19532 10751 25798 3 2 1 1 2 0 3 0 1 3 0 0 0 0 
252.00 93161 7465 22265 23056 93161 22265 7465 23056 4 6 0 1 6 0 5 0 0 6 0 0 0 0 
256.00 96698 3702 23242 22121 96698 23242 3702 22121 0 3 0 2 7 0 3 0 0 3 0 0 0 0 
260.00 97283 2356 24741 20744 97283 24741 2356 20744 0 3 1 1 4 0 4 0 2 4 0 0 0 0 
264.00 96551 2899 26628 18783 96551 26628 2899 18783 1 2 0 2 5 0 4 0 0 2 0 0 0 0 
268.00 96555 4899 28268 16544 96555 28268 4899 16544 1 2 0 2 6 0 5 0 0 2 0 0 0 0 
272.00 93525 8612 30173 14649 93525 30173 8612 14649 1 2 0 0 7 1 2 0 0 2 0 0 0 0 
276.00 91343 12298 31864 12858 91343 31864 12298 12858 0 1 0 2 7 1 3 0 0 2 0 0 0 0 
280.00 88269 17176 33431 11424 88269 33431 17176 11424 2 5 0 0 2 1 2 0 0 5 0 0 0 0 
284.00 79662 27329 34326 10226 79662 34326 27329 10226 4 3 0 0 6 1 1 0 0 3 0 0 0 0 
288.00 75833 32451 36624 9023 75833 36624 32451 9023 3 1 4 1 10 1 2 0 4 0 0 0 0 0 
292.00 70040 40679 37135 8005 70040 37135 40679 8005 9 0 3 0 3 1 3 0 3 0 0 0 0 0 
296.00 66067 46089 38265 7285 66067 38265 46089 7285 7 0 7 2 6 0 1 0 6 0 0 0 0 0 
300.00 57442 57355 38359 7133 57442 38359 57355 7133 5 0 3 1 5 1 1 0 2 0 0 0 0 0 
304.00 53210 63439 38330 7686 53210 38330 63439 7686 15 2 5 1 5 0 0 0 4 2 0 0 0 0 
308.00 47010 70770 37827 7801 47010 37827 70770 7801 10 1 9 0 4 0 0 0 8 1 0 0 0 0 
312.00 42037 75449 36554 9040 42037 36554 75449 9040 10 0 7 0 2 1 1 0 8 0 0 0 0 0 
316.00 35660 82371 35810 10019 35660 35810 82371 10019 6 1 6 1 4 0 1 0 6 1 0 0 0 0 
320.00 30300 91525 34385 11212 30300 34385 91525 11212 2 1 6 2 1 1 0 0 6 1 0 0 0 0 
324.00 25509 97222 31721 12993 25509 31721 97222 12993 10 3 6 0 0 3 1 0 6 3 0 0 0 0 
328.00 25035 102085 28824 15849 25035 28824 102085 15849 5 0 9 2 2 2 2 0 9 0 0 0 0 0 
332.00 19934 106761 26190 18288 19934 26190 106761 18288 4 1 3 3 0 5 1 0 3 0 0 0 0 0 
336.00 15881 110884 23329 20392 15881 23329 110884 20392 4 0 3 2 2 3 0 0 3 0 0 0 0 0 
340.00 14324 113708 19738 23260 14324 19738 113708 23260 2 1 7 0 1 7 1 0 7 0 0 0 0 0 
344.00 12017 118444 16644 26097 12017 16644 118444 26097 3 2 3 1 0 2 2 0 2 2 0 0 0 0 
348.00 11685 118276 13055 28729 11685 13055 118276 28729 4 0 2 2 1 7 0 0 3 0 0 0 0 0 
352.00 8832 123349 10696 30727 8832 10696 123349 30727 2 0 5 0 0 7 0 0 3 0 0 0 0 0 
356.00 7076 126369 9182 32056 7076 9182 126369 32056 0 2 3 0 0 5 1 0 3 2 0 0 0 0 
360.00 6482 126995 7410 33217 6482 7410 126995 33217 1 0 4 1 0 9 2 0 4 0 0 0 0 0 
