0.00 2505 97615 36734 6784 2505 36734 97615 6784 28 10 31 27 10 23 3 26 45 6 0 0 0 0 
4.00 2686 97973 39023 4773 2686 39023 97973 4773 0 0 5 3 0 1 0 0 4 0 0 0 0 0 
8.00 2986 97319 40065 3822 2986 40065 97319 3822 3 0 11 1 0 1 0 0 10 0 0 0 0 0 
12.00 3876 97452 40398 3636 3876 40398 97452 3636 2 0 10 0 0 0 0 0 7 0 0 0 0 0 
16.00 4500 96273 39275 3882 4500 39275 96273 3882 1 0 10 1 0 0 0 0 9 0 0 0 0 0 
20.00 5391 94831 37980 4841 5391 37980 94831 4841 0 0 5 0 1 0 0 0 4 0 0 0 0 0 
24.00 6361 94398 36266 6671 6361 36266 94398 6671 1 0 4 0 1 2 0 0 4 0 0 0 0 0 
28.00 7807 93194 34003 8654 7807 34003 93194 8654 2 1 4 0 0 1 1 0 5 1 0 0 0 0 
32.00 9445 91128 30761 11168 9445 30761 91128 11168 0 0 8 3 0 1 0 0 7 0 0 0 0 0 
36.00 10436 89775 26545 14674 10436 26545 89775 14674 1 0 10 0 1 3 0 0 8 0 0 0 0 0 
40.00 12431 88462 23556 17712 12431 23556 88462 17712 0 0 7 0 0 4 0 0 7 0 0 0 0 0 
44.00 13909 86506 19311 21120 13909 19311 86506 21120 2 2 5 1 0 7 0 0 5 2 0 0 0 0 
48.00 17046 83407 16672 24115 17046 16672 83407 24115 2 2 2 1 0 2 0 0 2 2 0 0 0 0 
52.00 20143 79189 13468 27310 20143 13468 79189 27310 1 1 4 1 1 3 0 0 4 1 0 0 0 0 
56.00 21865 76777 10080 30581 21865 10080 76777 30581 3 5 0 1 1 5 1 0 0 5 0 0 0 0 
60.00 24938 71440 7896 32456 24938 7896 71440 32456 6 3 0 0 0 6 3 0 1 3 0 0 0 0 
64.00 27873 68901 5944 35321 27873 5944 68901 35321 2 1 0 0 0 1 1 0 1 1 0 0 0 0 
68.00 31214 63547 4706 36637 31214 4706 63547 36637 4 2 1 0 0 6 1 0 1 2 0 0 0 0 
72.00 35438 57154 4033 37738 35438 4033 57154 37738 6 1 0 0 0 3 0 0 0 1 0 0 0 0 
76.00 39414 52606 3815 38576 39414 3815 52606 38576 3 5 1 0 1 5 2 0 0 5 0 0 0 0 
80.00 43458 47132 4238 38825 43458 4238 47132 38825 4 2 0 0 1 4 4 0 0 3 0 0 0 0 
84.00 48368 39998 4976 38894 48368 4976 39998 38894 3 5 1 0 0 3 8 0 1 6 0 0 0 0 
88.00 52301 34663 6068 37966 52301 6068 34663 37966 4 7 0 0 2 0 3 0 0 7 0 0 0 0 
92.00 56879 28886 7256 37473 56879 7256 28886 37473 3 6 0 0 0 2 6 0 0 4 0 0 0 0 
96.00 60732 24314 9520 35358 60732 9520 24314 35358 1 5 0 1 2 4 2 0 0 5 0 0 0 0 
100.00 66071 17680 10873 34845 66071 10873 17680 34845 1 6 0 1 1 0 4 0 0 6 0 0 0 0 
104.00 68810 14168 13128 31963 68810 13128 14168 31963 1 8 0 0 1 0 5 0 0 8 0 0 0 0 
108.00 74096 8809 15197 30556 74096 15197 8809 30556 1 6 0 0 3 1 7 0 0 6 0 0 0 0 
112.00 75999 5264 17149 28788 75999 17149 5264 28788 0 8 0 1 1 1 5 0 0 8 0 0 0 0 
116.00 77624 3095 19181 26432 77624 19181 3095 26432 0 1 0 0 1 0 2 0 1 1 0 0 0 0 
120.00 79053 2093 21453 23789 79053 21453 2093 23789 1 5 1 0 6 0 4 0 1 5 0 0 0 0 
124.00 79792 2276 23521 21657 79792 23521 2276 21657 0 2 0 1 6 0 3 0 0 2 0 0 0 0 
128.00 78494 3982 26680 18720 78494 26680 3982 18720 2 5 0 1 5 0 0 0 0 5 0 0 0 0 
132.00 76489 7112 28663 17351 76489 28663 7112 17351 3 1 0 0 3 0 2 0 0 1 0 0 0 0 
136.00 73088 11275 30543 15512 73088 30543 11275 15512 0 1 0 0 1 0 0 0 0 1 0 0 0 0 
140.00 69580 16948 31730 12852 69580 31730 16948 12852 1 4 0 1 8 0 2 0 0 3 0 0 0 0 
144.00 64845 23277 33419 11259 64845 33419 23277 11259 5 2 1 0 1 0 1 0 0 3 0 0 0 0 
148.00 59827 29012 35130 9366 59827 35130 29012 9366 1 1 1 0 7 0 1 0 1 1 0 0 0 0 
152.00 51403 39686 36393 8382 51403 36393 39686 8382 3 0 1 0 5 0 0 0 3 0 0 0 0 0 
156.00 44739 49179 37825 7098 44739 37825 49179 7098 6 2 2 1 1 0 0 0 1 2 0 0 0 0 
160.00 37151 59476 39148 5861 37151 39148 59476 5861 4 0 4 2 2 0 0 0 3 0 0 0 0 0 
164.00 29613 69703 39571 5509 29613 39571 69703 5509 6 0 6 1 4 1 0 0 5 0 0 0 0 0 
168.00 22854 78731 40520 4641 22854 40520 78731 4641 0 0 12 0 2 0 0 0 11 0 0 0 0 0 
172.00 17937 85130 41129 4052 17937 41129 85130 4052 3 1 5 0 1 1 0 0 6 1 0 0 0 0 
176.00 11388 93159 41085 4033 11388 41085 93159 4033 3 1 5 0 1 1 0 0 4 1 0 0 0 0 
180.00 7631 98601 41821 3631 7631 41821 98601 3631 2 0 8 0 0 2 0 0 6 0 0 0 0 0 
184.00 4657 103651 41967 3741 4657 41967 103651 3741 0 0 7 0 1 1 0 0 5 0 0 0 0 0 
188.00 2818 105650 41788 3640 2818 41788 105650 3640 1 0 8 0 0 0 0 0 7 0 0 0 0 0 
192.00 3221 105177 41820 3607 3221 41820 105177 3607 0 0 11 0 0 2 0 0 8 0 0 0 0 0 
196.00 4948 101538 41637 3808 4948 41637 101538 3808 1 0 4 0 3 0 0 0 6 0 0 0 0 0 
200.00 9336 96529 41031 3926 9336 41031 96529 3926 2 0 10 0 0 0 0 0 10 0 0 0 0 0 
204.00 14475 91298 40603 4214 14475 40603 91298 4214 2 0 5 0 0 0 0 0 7 0 0 0 0 0 
208.00 20703 83503 40677 4708 20703 40677 83503 4708 5 0 3 0 1 0 0 0 3 0 0 0 0 0 
212.00 27976 74119 39925 5174 27976 39925 74119 5174 1 0 5 0 5 0 0 0 5 0 0 0 0 0 
216.00 36317 62239 39436 5880 36317 39436 62239 5880 0 0 4 0 6 0 0 0 4 0 0 0 0 0 
220.00 44648 52343 38764 6315 44648 38764 52343 6315 5 0 4 0 2 0 1 0 3 0 0 0 0 0 
224.00 51978 43196 37685 7410 51978 37685 43196 7410 6 0 4 1 1 1 1 0 3 0 0 0 0 0 
228.00 59881 33500 36407 8957 59881 36407 33500 8957 2 0 2 0 6 0 0 0 2 0 0 0 0 0 
232.00 67308 22644 36151 9626 67308 36151 22644 9626 3 2 3 1 7 0 1 0 3 2 0 0 0 0 
236.00 72305 16460 34275 11674 72305 34275 16460 11674 3 2 1 1 5 0 3 0 1 1 0 0 0 0 
240.00 76272 10006 33537 12565 76272 33537 10006 12565 1 5 0 1 7 0 4 0 0 4 0 0 0 0 
244.00 80106 5450 32209 14232 80106 32209 5450 14232 3 5 0 1 6 1 5 0 0 5 0 0 0 0 
248.00 82550 3089 30059 16782 82550 30059 3089 16782 0 2 1 3 10 0 4 0 1 2 0 0 0 0 
252.00 82182 2179 27698 19651 82182 27698 2179 19651 0 3 1 0 2 0 5 0 1 3 0 0 0 0 
256.00 81984 2539 26633 21209 81984 26633 2539 21209 0 4 0 0 6 0 3 0 0 5 0 0 0 0 
260.00 80927 3981 23783 24516 80927 23783 3981 24516 2 5 0 0 8 0 7 0 0 5 0 0 0 0 
264.00 77168 7683 22378 26659 77168 22378 7683 26659 1 6 0 1 5 0 2 0 0 5 0 0 0 0 
268.00 74112 12490 20280 28868 74112 20280 12490 28868 1 6 0 1 4 0 5 0 0 6 0 0 0 0 
272.00 71441 16552 17307 31025 71441 17307 16552 31025 1 3 1 1 3 0 2 0 1 2 0 0 0 0 
276.00 66896 22743 15231 33294 66896 15231 22743 33294 2 4 0 1 1 1 6 0 0 4 0 0 0 0 
280.00 62944 28991 13363 34956 62944 13363 28991 34956 1 5 1 3 3 1 6 0 1 5 0 0 0 0 
284.00 55285 38273 11332 35858 55285 11332 38273 35858 4 6 1 1 2 0 5 0 1 6 0 0 0 0 
288.00 47869 47765 10006 37340 47869 10006 47765 37340 3 4 0 2 0 2 3 0 0 4 0 0 0 0 
292.00 44656 53444 7302 39216 44656 7302 53444 39216 2 4 2 0 0 3 0 0 1 4 0 0 0 0 
296.00 39378 59704 6070 39533 39378 6070 59704 39533 7 3 1 1 0 2 3 0 1 3 0 0 0 0 
300.00 34566 67481 4943 39486 34566 4943 67481 39486 4 4 1 0 0 6 2 0 1 4 0 0 0 0 
304.00 30792 73797 4209 40067 30792 4209 73797 40067 7 6 0 0 0 6 2 0 0 4 0 0 0 0 
308.00 26042 79928 4056 39354 26042 4056 79928 39354 7 2 0 0 0 9 2 0 0 2 0 0 0 0 
312.00 21740 84908 4592 37997 21740 4592 84908 37997 2 2 0 0 0 7 1 0 0 2 0 0 0 0 
316.00 17300 89491 5393 37223 17300 5393 89491 37223 1 1 2 1 0 10 2 0 2 1 0 0 0 0 
320.00 14384 95430 6925 35733 14384 6925 95430 35733 3 1 1 0 1 3 2 0 1 1 0 0 0 0 
324.00 12564 98992 8948 33544 12564 8948 98992 33544 2 0 5 0 0 3 1 0 3 0 0 0 0 0 
328.00 9984 102735 11873 31222 9984 11873 102735 31222 3 0 3 1 0 6 1 0 3 0 0 0 0 0 
332.00 7175 104184 14229 28568 7175 14229 104184 28568 1 1 6 1 0 5 0 0 5 1 0 0 0 0 
336.00 6122 106187 17649 25798 6122 17649 106187 25798 0 0 3 1 0 6 0 0 3 0 0 0 0 0 
340.00 5157 107431 22280 21843 5157 22280 107431 21843 0 0 1 1 1 3 0 0 0 0 0 0 0 0 
344.00 4614 106195 25996 18608 4614 25996 106195 18608 0 0 3 0 0 4 0 0 3 0 0 0 0 0 
348.00 3887 108767 30098 15289 3887 30098 108767 15289 2 0 6 0 0 2 0 0 6 0 0 0 0 0 
352.00 3220 109689 34065 12041 3220 34065 109689 12041 1 0 6 3 0 1 0 0 7 0 0 0 0 0 
356.00 2778 110074 36920 9790 2778 36920 110074 9790 0 0 9 1 0 2 0 0 8 0 0 0 0 0 
360.00 2639 109912 39982 7036 2639 39982 109912 7036 1 1 7 1 1 3 0 0 5 1 0 0 0 0 
