12.96 188856 378794 526411 192234 188856 526411 378794 192234 4071 2586 9167 4283 6151 3171 40 0 9152 2593 0 0 0 0 
13.02 191388 383508 527999 193911 191388 527999 383508 193911 4299 2588 9552 4142 6171 3201 40 0 9548 2586 0 0 0 0 
13.08 196934 386916 532277 195046 196934 532277 386916 195046 4435 2702 9732 4430 6475 3246 36 0 9726 2699 0 0 0 0 
13.14 200375 391414 537861 197278 200375 537861 391414 197278 4443 2829 10188 4482 6517 3340 38 0 10185 2828 0 0 0 0 
13.20 204777 392371 542103 195606 204777 542103 392371 195606 4486 2848 10220 4536 6502 3333 37 0 10217 2850 0 0 0 0 
13.26 209362 394166 547777 195533 209362 547777 394166 195533 4607 2931 10332 4573 6848 3386 44 0 10319 2934 0 0 0 0 
13.32 211960 396227 550336 196201 211960 550336 396227 196201 4675 2849 10354 4781 6687 3423 45 0 10354 2847 0 0 0 0 
13.38 213325 399225 548795 200865 213325 548795 399225 200865 4701 3021 10352 4843 6984 3616 37 0 10344 3019 0 0 0 0 
13.44 214720 400903 550640 200888 214720 550640 400903 200888 4805 2865 10404 4824 7013 3542 42 0 10395 2866 0 0 0 0 
13.50 216862 402022 551222 200034 216862 551222 402022 200034 4766 2924 10228 4782 6815 3594 57 0 10221 2925 0 0 0 0 
13.56 216401 400388 550890 199792 216401 550890 400388 199792 4806 2873 10382 4706 6725 3486 48 0 10370 2868 0 0 0 0 
13.62 216150 400131 552625 198513 216150 552625 400131 198513 4569 2834 10790 4817 6620 3279 60 0 10773 2835 0 0 0 0 
13.64 216140 401686 554831 197763 216140 554831 401686 197763 4655 2891 10693 4776 6574 3285 39 0 10693 2891 0 0 0 0 
13.66 215517 401181 554992 196983 215517 554992 401181 196983 4629 2888 10553 4651 6774 3386 38 0 10561 2888 0 0 0 0 
13.68 214861 400087 553130 197769 214861 553130 400087 197769 4627 2816 10281 4608 6596 3318 52 0 10279 2820 0 0 0 0 
13.70 215466 400279 552204 197639 215466 552204 400279 197639 4615 2794 9355 4234 6544 3508 45 0 9344 2793 0 0 0 0 
13.72 214677 399903 552612 196996 214677 552612 399903 196996 4700 2965 8544 3906 6325 3703 52 0 8543 2967 0 0 0 0 
13.74 214753 398123 550802 197483 214753 550802 398123 197483 4793 2930 7322 3514 6100 3755 46 0 7318 2933 0 0 0 0 
13.76 214095 396277 548701 197565 214095 548701 396277 197565 5034 2954 5576 2999 5788 4016 57 0 5574 2955 0 0 0 0 
13.78 213210 396307 545289 196969 213210 545289 396308 196969 5228 3006 3955 2498 5446 4209 35 0 3948 3005 0 0 0 0 
13.80 212086 394218 542558 197443 212086 542558 394218 197443 5122 3066 2546 2169 5316 4279 47 0 2540 3070 0 0 0 0 
13.82 211571 393090 543742 195811 211571 543742 393090 195811 5156 2968 1617 1912 5104 4271 35 0 1614 2966 0 0 0 0 
13.84 209464 393374 541839 195835 209464 541839 393374 195835 5191 2916 1254 1868 5055 4470 53 0 1238 2913 0 0 0 0 
13.86 208746 392904 541103 197241 208746 541103 392904 197241 5247 2885 1409 1985 5007 4166 53 0 1408 2883 0 0 0 0 
13.88 208697 391493 539550 196148 208697 539550 391493 196148 4896 2968 2232 2223 5048 4027 62 0 2230 2959 0 0 0 0 
13.90 207833 393221 540056 196563 207833 540056 393221 196563 4835 2816 3455 2630 5344 3806 57 0 3454 2813 0 0 0 0 
13.92 206287 392040 539758 196491 206287 539757 392040 196491 4475 2817 5098 3010 5504 3683 49 0 5083 2816 0 0 0 0 
13.94 205453 391143 538053 196715 205453 538053 391143 196715 4464 2577 6570 3574 5660 3448 36 0 6563 2580 0 0 0 0 
13.96 204992 391770 541349 194625 204992 541349 391770 194625 4281 2543 7850 3791 5921 3220 38 0 7841 2542 0 0 0 0 
13.98 203280 391452 538037 196513 203280 538037 391452 196513 4073 2502 8709 4141 6035 3019 43 0 8699 2501 0 0 0 0 
14.00 202452 389953 537666 195204 202452 537666 389953 195204 3874 2431 9211 4193 5951 2986 37 0 9204 2431 0 0 0 0 
14.02 199673 389413 539471 194632 199673 539471 389413 194632 3869 2415 9550 4202 5743 2739 41 0 9544 2413 0 0 0 0 
14.04 199034 388196 537229 194824 199034 537229 388196 194824 3805 2469 9583 4206 5772 2856 40 0 9584 2467 0 0 0 0 
14.06 196778 386430 535312 193868 196778 535312 386430 193868 3879 2360 9034 3964 5719 2846 50 0 9028 2354 0 0 0 0 
14.08 195280 384909 531686 193446 195280 531686 384909 193446 3741 2335 8863 3894 5651 2834 40 0 8844 2336 0 0 0 0 
14.10 192331 383121 531501 193501 192331 531501 383121 193501 3652 2280 8373 3850 5503 2823 29 0 8359 2279 0 0 0 0 
14.16 185683 376701 522432 190941 185683 522432 376701 190941 3481 2219 7645 3360 5090 2811 43 0 7645 2218 0 0 0 0 
14.22 179419 372339 517902 187391 179419 517902 372339 187391 3239 2024 7263 3092 4745 2426 41 0 7259 2023 0 0 0 0 
14.28 170335 366124 505699 189160 170335 505699 366124 189160 2998 1863 6792 3085 4347 2296 41 0 6782 1864 0 0 0 0 
14.34 163664 360398 500912 186084 163664 500912 360398 186084 2788 1733 6419 2925 4131 2021 33 0 6409 1725 0 0 0 0 
14.40 157627 353916 495486 185057 157627 495486 353916 185057 2620 1573 5939 2707 3836 1955 32 0 5938 1574 0 0 0 0 
14.46 151836 349169 487049 183858 151836 487049 349169 183858 2347 1548 5336 2496 3635 1870 29 0 5330 1546 0 0 0 0 
14.52 146610 345473 482368 180962 146610 482368 345473 180962 2260 1409 5083 2286 3311 1810 28 0 5065 1410 0 0 0 0 
14.58 139855 339112 476363 180257 139855 476363 339112 180257 2001 1266 4647 2101 3119 1588 32 0 4646 1264 0 0 0 0 
14.64 132814 334750 469830 179213 132814 469830 334750 179213 1942 1218 4265 2040 2822 1406 38 0 4259 1216 0 0 0 0 
14.70 127790 329780 463158 176926 127790 463158 329780 176926 1797 1049 3963 1842 2568 1364 22 0 3967 1048 0 0 0 0 
14.76 121280 325583 456818 176220 121280 456818 325583 176220 1569 1012 3696 1667 2394 1205 29 0 3696 1012 0 0 0 0 
