12.80000	4050	3030	4231	3877	4050	4231	3030	3877	0	0	0	0	0	0	0	0	0	0	0	0	0	0
12.82000	253994	159619	115438	9988	253994	115438	159619	9988	38	1	22	1	39	0	2	0	23	0	0	0	0	0
12.84000	296856	187124	134222	11040	296856	134222	187124	11040	74	3	16	1	36	1	7	0	14	3	0	0	0	0
12.86000	185224	276670	58165	48143	185224	58165	276670	48143	443	63	156	29	98	53	5	0	155	64	0	0	0	0
12.88000	138328	295552	29546	58825	138328	29546	295552	58825	42	8	3	2	4	18	11	0	3	10	0	0	0	0
12.90000	371857	439848	133912	65271	371857	133912	439848	65271	7560	1124	3016	519	1842	893	17	0	3015	1125	0	0	0	0
12.92000	430928	477521	160520	66709	430928	160520	477521	66709	9726	1516	3915	646	2289	1066	31	0	3912	1518	0	0	0	0
12.94000	430259	482399	160959	67307	430259	160959	482399	67307	9732	1497	3877	639	2335	1154	44	0	3875	1498	0	0	0	0
12.96000	430568	484951	160959	67598	430568	160959	484951	67598	9942	1507	3906	690	2313	1101	28	0	3905	1509	0	0	0	0
12.98000	432293	486209	161262	67586	432293	161262	486209	67586	9996	1566	3944	603	2379	1133	19	0	3946	1567	0	0	0	0
13.00000	432862	487987	161105	68365	432862	161105	487987	68365	10129	1631	3889	668	2390	1193	29	0	3888	1631	0	0	0	0
13.02000	433004	488047	161151	68798	433004	161151	488047	68798	10237	1639	3922	702	2383	1133	32	0	3917	1641	0	0	0	0
13.04000	435294	491387	161139	68949	435294	161139	491387	68949	10295	1545	4034	673	2405	1120	30	0	4031	1544	0	0	0	0
13.06000	434728	492446	161668	69331	434728	161668	492447	69331	10378	1607	4177	654	2420	1110	28	0	4175	1605	0	0	0	0
13.08000	438066	492395	161149	69761	438066	161149	492395	69761	10372	1638	4010	723	2427	1162	33	0	4012	1642	0	0	0	0
13.10000	438223	494107	161657	70073	438223	161657	494107	70073	10347	1625	4071	728	2480	1151	29	0	4067	1625	0	0	0	0
13.12000	440730	496683	161383	70782	440730	161383	496683	70782	10388	1672	4035	739	2535	1186	33	0	4030	1672	0	0	0	0
13.14000	439890	500453	161937	70998	439890	161937	500453	70998	10845	1620	4125	707	2495	1147	33	0	4119	1618	0	0	0	0
13.16000	442373	497762	161721	70724	442373	161721	497762	70724	10918	1658	4302	714	2506	1168	38	0	4301	1656	0	0	0	0
13.18000	442495	500724	161494	71553	442495	161494	500724	71553	11046	1670	4305	684	2490	1184	33	0	4308	1671	0	0	0	0
13.20000	443467	501130	162242	72771	443467	162242	501130	72771	10964	1682	4175	765	2551	1261	41	0	4170	1684	0	0	0	0
13.22000	441175	507276	162280	72065	441175	162280	507276	72065	11125	1686	4323	766	2464	1206	29	0	4320	1686	0	0	0	0
13.24000	442260	508944	163229	72485	442260	163229	508944	72485	11078	1832	4267	758	2503	1230	34	0	4268	1831	0	0	0	0
13.26000	441201	510954	162662	73021	441201	162662	510954	73021	11239	1800	4328	691	2644	1198	36	0	4327	1805	0	0	0	0
13.28000	442139	512198	164098	72648	442139	164098	512198	72648	11490	1763	4407	758	2632	1205	40	0	4411	1760	0	0	0	0
13.30000	444233	512244	163033	73231	444233	163033	512244	73231	11357	1772	4193	754	2768	1256	34	0	4192	1770	0	0	0	0
13.32000	443322	515242	163739	73571	443322	163739	515242	73571	11465	1720	4343	763	2718	1258	36	0	4341	1722	0	0	0	0
13.34000	443895	516666	164218	73407	443895	164218	516666	73407	11391	1781	4389	783	2827	1208	35	0	4381	1780	0	0	0	0
13.36000	443232	519458	164298	73741	443232	164298	519458	73741	11427	1795	4370	765	2728	1333	33	0	4373	1796	0	0	0	0
13.38000	443627	520024	163771	73705	443627	163771	520024	73705	11623	1791	4447	740	2837	1338	32	0	4445	1788	0	0	0	0
13.40000	445304	520405	164470	73982	445304	164470	520405	73982	11801	1742	4438	764	2722	1337	29	0	4433	1737	0	0	0	0
13.42000	443822	522231	164703	74006	443822	164703	522231	74006	11747	1703	4686	766	2836	1326	36	0	4684	1704	0	0	0	0
13.44000	445705	522934	163849	74711	445705	163849	522934	74711	11665	1781	4453	801	2832	1315	28	0	4449	1785	0	0	0	0
13.46000	446894	523984	164370	75139	446895	164370	523984	75139	11952	1780	4587	768	2688	1492	32	0	4580	1779	0	0	0	0
13.48000	447362	524537	164893	74981	447362	164893	524537	74981	11769	1764	4624	802	2730	1418	25	0	4626	1763	0	0	0	0
13.50000	447645	527273	164512	75089	447645	164512	527273	75089	11860	1691	4539	838	2766	1378	29	0	4535	1692	0	0	0	0
13.52000	449154	525999	164138	75775	449154	164138	525999	75775	11746	1816	4629	816	2823	1456	32	0	4628	1818	0	0	0	0
13.54000	448629	526147	164622	75454	448629	164622	526147	75454	11753	1798	4646	756	2841	1421	30	0	4647	1801	0	0	0	0
13.56000	447765	532802	165002	75585	447765	165002	532802	75585	11995	1756	4661	788	2895	1473	30	0	4663	1752	0	0	0	0
13.58000	449248	530858	164929	76370	449248	164929	530858	76370	12009	1798	4757	833	2805	1402	38	0	4754	1796	0	0	0	0
13.60000	448635	532533	165294	76404	448635	165294	532533	76404	12302	1880	4678	789	2828	1400	26	0	4665	1876	0	0	0	0
13.62000	449519	534245	164442	76916	449519	164442	534245	76916	12536	1903	4797	791	2870	1445	35	0	4795	1902	0	0	0	0
13.64000	449610	534250	166132	76409	449610	166132	534250	76409	12873	1925	4958	811	2843	1440	38	0	4959	1923	0	0	0	0
13.66000	450942	536683	165448	77033	450942	165448	536683	77033	12790	1882	4846	845	2931	1386	35	0	4842	1875	0	0	0	0
13.68000	450204	539660	165998	77497	450204	165998	539660	77497	13012	1986	5007	865	2744	1403	45	0	5003	1987	0	0	0	0
13.70000	450173	540324	165424	77621	450173	165424	540324	77621	12625	1977	4982	806	2839	1426	48	0	4976	1978	0	0	0	0
13.72000	449994	539374	165794	77535	449994	165794	539374	77535	11980	1843	4870	828	2997	1418	36	0	4877	1842	0	0	0	0
13.74000	450287	539959	166222	78037	450287	166222	539959	78037	10939	1840	4710	876	2861	1513	36	0	4714	1838	0	0	0	0
13.76000	449079	541405	166796	78152	449079	166796	541405	78152	9624	1777	4327	943	2861	1429	39	0	4321	1775	0	0	0	0
13.78000	450306	539960	166054	77973	450306	166054	539960	77973	7812	1706	4142	965	3002	1457	30	0	4137	1704	0	0	0	0
13.80000	450467	540377	166474	78764	450467	166474	540377	78764	6457	1587	3808	1007	3093	1454	35	0	3807	1586	0	0	0	0
13.82000	446810	540788	166889	78669	446810	166889	540788	78669	5123	1568	3493	1017	2956	1560	30	0	3497	1564	0	0	0	0
13.84000	448046	539770	166847	78325	448046	166847	539770	78325	4204	1487	3342	1086	3072	1504	30	0	3338	1485	0	0	0	0
13.86000	447074	540717	166576	78665	447074	166575	540717	78665	4145	1440	3314	1002	3167	1644	45	0	3314	1442	0	0	0	0
13.88000	447908	542128	166362	78716	447908	166362	542128	78716	4684	1517	3472	1039	3042	1587	36	0	3471	1518	0	0	0	0
13.90000	447873	543288	166095	78868	447872	166095	543288	78868	6020	1602	3663	1000	3104	1594	32	0	3657	1602	0	0	0	0
13.92000	450445	545105	166804	78756	450445	166804	545105	78756	7466	1674	3977	1010	3142	1537	28	0	3969	1675	0	0	0	0
13.94000	450138	548095	167184	79189	450138	167184	548095	79189	9312	1690	4472	944	3065	1527	23	0	4476	1691	0	0	0	0
13.96000	450648	547329	167875	79573	450648	167875	547329	79573	10857	1791	4706	843	2988	1535	36	0	4707	1789	0	0	0	0
13.98000	454850	547193	166799	79110	454850	166799	547193	79110	12455	1991	4996	876	3031	1516	41	0	4996	1988	0	0	0	0
14.00000	453393	548257	167110	79517	453393	167110	548257	79517	13448	2049	5178	868	2967	1438	25	0	5173	2049	0	0	0	0
14.02000	455008	548979	166913	80005	455008	166913	548979	80005	13819	2120	5375	897	2933	1514	46	0	5371	2115	0	0	0	0
14.04000	453862	549880	167940	80066	453862	167940	549880	80066	13985	2007	5347	889	3021	1560	37	0	5340	2009	0	0	0	0
14.06000	454615	548479	167389	79647	454615	167389	548479	79647	14164	2094	5234	830	2894	1511	42	0	5226	2093	0	0	0	0
14.08000	454271	550927	168191	79881	454271	168190	550927	79881	13775	2092	5464	890	2871	1470	37	0	5460	2090	0	0	0	0
14.10000	453034	550113	168218	79735	453034	168218	550113	79735	13162	2032	5189	911	3008	1536	48	0	5189	2027	0	0	0	0
14.12000	452986	550903	166422	79778	452986	166422	550903	79778	13094	2029	5194	867	2934	1511	33	0	5198	2034	0	0	0	0
14.14000	451907	550798	168284	79409	451907	168284	550798	79409	12807	1963	5182	916	3025	1477	41	0	5170	1959	0	0	0	0
14.16000	453976	547730	166917	80105	453976	166917	547730	80105	12889	2003	5049	876	3125	1456	31	0	5042	2003	0	0	0	0
14.18000	452668	548442	168164	79836	452668	168164	548442	79836	12864	2066	5132	825	3028	1444	45	0	5126	2062	0	0	0	0
14.20000	449252	550729	167960	79727	449252	167960	550729	79727	12766	2109	5324	909	2997	1479	43	0	5324	2106	0	0	0	0
14.22000	451412	549752	167647	79270	451412	167647	549752	79270	12974	2053	5308	950	2959	1419	41	0	5307	2056	0	0	0	0
14.24000	452516	546948	167416	79330	452517	167416	546948	79330	12943	2035	5244	888	2882	1456	42	0	5238	2030	0	0	0	0
14.26000	451183	548608	167450	79112	451183	167450	548608	79112	13122	1984	5217	905	2841	1450	42	0	5217	1979	0	0	0	0
14.28000	449066	549158	168479	79303	449066	168479	549158	79303	13155	2018	5201	888	2800	1537	32	0	5200	2016	0	0	0	0
14.30000	451481	546544	167211	79617	451481	167211	546544	79617	12939	1994	5265	840	2879	1537	31	0	5263	1994	0	0	0	0
14.32000	451291	547118	168051	79624	451291	168051	547118	79624	13197	2035	5352	929	2863	1548	34	0	5350	2037	0	0	0	0
14.34000	452063	546556	167938	79513	452063	167938	546556	79513	13243	2031	5325	932	2831	1470	34	0	5321	2030	0	0	0	0
14.36000	449118	545104	167080	79829	449118	167080	545104	79829	12996	1977	5297	892	2681	1523	38	0	5290	1974	0	0	0	0
14.38000	449666	543707	167531	79222	449666	167531	543707	79222	12922	1953	5310	898	2740	1511	32	0	5308	1957	0	0	0	0
14.40000	452250	543361	167782	78786	452250	167782	543361	78786	12973	1990	5257	880	2940	1494	47	0	5252	1991	0	0	0	0
14.42000	451663	543448	167895	79305	451663	167895	543448	79305	12864	1950	5208	965	2815	1458	36	0	5208	1953	0	0	0	0
14.44000	448046	544108	167322	79599	448045	167322	544108	79599	12969	2073	5240	892	2932	1450	37	0	5237	2075	0	0	0	0
14.46000	450260	543157	167339	79053	450260	167339	543157	79053	12958	1929	5083	845	2914	1514	41	0	5081	1927	0	0	0	0
14.48000	447808	543753	167724	78913	447808	167724	543753	78913	12894	2036	5303	914	2970	1407	36	0	5304	2036	0	0	0	0
14.50000	449294	541445	167525	78280	449294	167525	541446	78280	12698	2021	5123	850	2983	1536	34	0	5123	2019	0	0	0	0
14.52000	448536	542873	168021	78767	448535	168021	542873	78767	12983	1910	5275	899	3008	1475	32	0	5266	1910	0	0	0	0
14.54000	448476	540774	166946	78076	448476	166946	540774	78076	13003	2071	4951	843	2993	1406	39	0	4940	2070	0	0	0	0
14.56000	447562	541808	168609	78299	447562	168609	541808	78299	13020	2020	5229	906	2916	1451	38	0	5236	2018	0	0	0	0
14.58000	443887	541771	167537	77958	443887	167537	541771	77958	12876	2047	5141	930	2992	1468	41	0	5144	2047	0	0	0	0
14.60000	447115	539839	167591	78452	447115	167591	539839	78452	12955	1926	5221	865	2968	1446	40	0	5220	1926	0	0	0	0
14.62000	446784	538323	168144	78329	446783	168144	538323	78329	12894	1975	5054	871	2922	1475	43	0	5051	1977	0	0	0	0
14.64000	444907	539284	168617	77574	444907	168617	539284	77574	12941	1920	5184	852	2951	1468	42	0	5182	1918	0	0	0	0
14.66000	444539	538859	168016	77733	444539	168016	538859	77733	12857	1962	5058	898	2992	1472	26	0	5056	1960	0	0	0	0
14.68000	446041	535234	168035	77412	446041	168035	535234	77412	12987	1922	5146	876	2817	1412	39	0	5146	1917	0	0	0	0
14.70000	444777	533320	168166	78067	444777	168166	533320	78067	12639	1917	4983	864	2928	1449	33	0	4974	1915	0	0	0	0
14.72000	443861	532141	168251	76800	443861	168251	532141	76800	12585	2017	5069	844	2934	1419	30	0	5062	2018	0	0	0	0
14.74000	443700	530493	166655	76889	443700	166655	530493	76889	12424	1906	5058	861	2957	1422	29	0	5052	1910	0	0	0	0
14.76000	443630	531197	167604	76916	443630	167604	531197	76916	12548	1969	5055	871	2821	1464	31	0	5047	1969	0	0	0	0
14.78000	443201	527482	167376	76579	443201	167376	527482	76579	12481	1940	5096	851	2926	1407	38	0	5090	1940	0	0	0	0
