A	B	C	D	E	F	G	H	AB	AD	BC	CD	EF	GH	DE	CF	FG	EH	ABCD	CDEF	EFGH	ABCDEFGH
0.00	1725	137989	89097	20792	1725	89097	137989	20792	0	0	24	1	0	2	0	0	24	0	0	0	0	0
4.00	1860	137673	94954	15709	1860	94954	137673	15709	1	0	26	3	0	4	0	0	27	0	0	0	0	0
8.00	2653	136172	100622	10365	2653	100622	136172	10365	1	0	31	3	2	3	0	0	31	0	0	0	0	0
12.00	4233	134314	103788	6868	4233	103788	134314	6868	1	0	27	0	0	2	0	0	26	0	0	0	0	0
16.00	4385	135318	107604	3569	4385	107604	135318	3569	2	0	23	0	2	1	0	0	23	0	0	0	0	0
20.00	7032	132010	107011	2993	7032	107011	132010	2993	1	0	40	0	5	0	0	0	37	0	0	0	0	0
24.00	9041	132510	104916	4388	9041	104916	132510	4388	2	0	21	1	2	1	0	0	23	0	0	0	0	0
28.00	14175	127595	102843	6384	14175	102843	127595	6384	7	0	29	0	2	1	0	0	27	0	0	0	0	0
32.00	14374	128946	96717	12804	14374	96717	128946	12804	3	1	23	4	1	2	0	0	18	0	0	0	0	0
36.00	19511	122989	91428	17110	19511	91428	122989	17110	10	2	23	5	4	6	2	0	23	2	0	0	0	0
40.00	23850	119839	85051	23588	23850	85051	119839	23588	9	3	20	6	5	8	1	0	22	3	0	0	0	0
44.00	28206	115507	76370	31381	28206	76370	115507	31381	10	4	19	7	3	7	3	0	17	4	0	0	0	0
48.00	34013	109740	68208	39275	34013	68208	109740	39275	7	0	11	5	6	4	4	0	9	1	0	0	0	0
52.00	36442	107390	57936	50449	36442	57936	107390	50449	8	8	7	5	8	11	11	0	5	7	0	0	0	0
56.00	43464	99392	50972	57643	43464	50972	99392	57643	4	6	8	6	6	13	4	0	8	7	0	0	0	0
60.00	47627	93274	42673	66756	47627	42673	93274	66756	8	7	7	5	4	10	4	0	7	7	0	0	0	0
64.00	56215	82897	37088	72670	56215	37088	82897	72670	5	6	6	3	7	18	5	0	6	6	0	0	0	0
68.00	61604	76699	29940	80189	61604	29940	76699	80189	15	12	2	6	0	10	13	0	2	10	0	0	0	0
72.00	67973	67782	24782	87137	67973	24782	67782	87137	4	14	3	6	2	11	18	0	3	15	0	0	0	0
76.00	74740	59850	20783	91770	74740	20783	59850	91770	5	15	1	5	1	16	9	0	1	15	0	0	0	0
80.00	80497	52366	18115	96019	80497	18115	52366	96019	6	19	2	4	2	10	16	0	2	18	0	0	0	0
84.00	90064	41419	16693	98624	90064	16693	41419	98624	6	24	1	7	2	7	21	0	1	22	0	0	0	0
88.00	96213	33241	16484	99569	96213	16484	33241	99569	4	11	0	4	3	12	20	0	0	13	0	0	0	0
92.00	101863	26442	16786	99627	101863	16786	26442	99627	7	18	0	7	3	6	22	0	0	19	0	0	0	0
96.00	109516	18335	17893	98281	109516	17893	18335	98281	4	23	0	3	7	4	16	0	0	19	0	0	0	0
100.00	114015	13928	20584	95620	114015	20584	13928	95620	5	20	1	4	3	1	28	0	0	19	0	0	0	0
104.00	119698	8040	23086	92658	119698	23086	8040	92658	4	23	1	5	7	1	32	0	1	25	0	0	0	0
108.00	123196	4864	26452	89100	123196	26452	4864	89100	1	29	1	5	4	2	19	0	1	29	0	0	0	0
112.00	127157	3011	29338	84873	127157	29338	3011	84873	1	28	0	2	10	1	27	0	0	26	0	0	0	0
116.00	128247	3135	33132	78620	128247	33132	3135	78620	0	26	0	6	13	1	17	0	0	22	0	0	0	0
120.00	128597	4832	38120	72992	128597	38120	4832	72992	3	16	0	5	17	0	17	0	0	14	0	0	0	0
124.00	125177	7896	42363	66878	125177	42363	7896	66878	1	17	0	6	9	1	19	0	0	19	0	0	0	0
128.00	121517	14487	45930	62568	121517	45930	14487	62568	3	14	1	6	10	2	15	0	1	13	0	0	0	0
132.00	118125	19924	51638	55913	118125	51638	19924	55913	7	21	1	3	9	1	11	0	2	18	0	0	0	0
136.00	111084	28504	57085	49992	111084	57085	28504	49992	6	9	2	6	9	4	12	0	3	10	0	0	0	0
140.00	103520	37060	62477	44514	103520	62477	37060	44514	6	5	6	8	20	3	9	0	5	4	0	0	0	0
144.00	93879	48809	66135	40062	93879	66135	48809	40062	14	10	8	6	7	8	8	0	7	9	0	0	0	0
148.00	83921	57398	71427	33681	83921	71427	57398	33681	6	7	9	1	11	2	7	0	9	8	0	0	0	0
152.00	71774	68833	74403	29810	71774	74403	68833	29810	9	8	15	4	9	4	2	0	15	7	0	0	0	0
156.00	61718	81173	80211	25532	61718	80211	81173	25532	13	1	15	6	4	5	2	0	14	2	0	0	0	0
160.00	51932	92480	86840	20928	51932	86840	92480	20928	6	4	15	8	5	5	6	0	16	4	0	0	0	0
164.00	39245	105266	89712	18627	39245	89712	105266	18627	7	1	20	1	10	4	2	0	21	1	0	0	0	0
168.00	29289	114894	94140	15178	29289	94140	114894	15178	2	1	21	2	6	6	1	0	23	1	0	0	0	0
172.00	18507	125350	95910	14258	18507	95910	125350	14258	4	0	31	1	3	1	0	0	30	0	0	0	0	0
176.00	13311	130315	101202	10262	13311	101202	130315	10262	2	0	17	5	5	3	0	0	16	0	0	0	0	0
180.00	6314	135833	103097	9164	6314	103097	135833	9164	2	0	39	2	0	4	0	0	42	0	0	0	0	0
184.00	2975	138170	106587	7297	2975	106587	138170	7297	2	0	32	0	1	3	0	0	33	0	0	0	0	0
188.00	1771	138774	108229	6524	1771	108229	138774	6524	1	0	34	0	0	1	0	0	36	0	0	0	0	0
192.00	2856	137425	109923	4644	2856	109923	137425	4644	0	0	31	2	1	1	0	0	29	0	0	0	0	0
196.00	7872	131313	109843	4389	7872	109843	131313	4389	4	0	30	0	2	1	0	0	32	0	0	0	0	0
200.00	14204	123284	110085	3732	14204	110085	123284	3732	9	0	26	0	3	1	0	0	26	0	0	0	0	0
204.00	22595	114944	111573	3208	22595	111573	114944	3208	6	0	25	1	8	2	1	0	24	0	0	0	0	0
208.00	33502	103191	110857	3113	33502	110857	103191	3113	6	0	22	1	5	1	0	0	20	0	0	0	0	0
212.00	43906	92277	109691	3341	43906	109691	92277	3341	4	0	27	2	9	1	0	0	24	0	0	0	0	0
216.00	55046	81313	109280	4014	55046	109280	81313	4014	11	1	16	2	11	0	2	0	15	1	0	0	0	0
220.00	65152	70814	107102	5655	65152	107102	70814	5655	13	0	13	1	17	0	0	0	14	0	0	0	0	0
224.00	79821	55257	104956	6199	79821	104956	55257	6199	13	0	19	1	14	1	0	0	19	0	0	0	0	0
228.00	89832	44792	102022	8838	89832	102022	44792	8838	8	1	6	2	12	0	0	0	3	1	0	0	0	0
232.00	101391	31284	100023	10286	101391	100023	31284	10286	6	1	13	3	24	0	4	0	11	1	0	0	0	0
236.00	107954	22850	96017	13639	107954	96017	22850	13639	2	3	5	5	27	0	4	0	6	5	0	0	0	0
240.00	116798	14012	93057	16218	116798	93057	14012	16218	1	2	4	4	22	0	3	0	5	0	0	0	0	0
244.00	120173	9877	88045	21784	120173	88045	9877	21784	3	8	1	4	21	0	4	0	1	7	0	0	0	0
248.00	123600	5155	85002	25395	123600	85002	5155	25395	0	3	1	7	26	0	8	0	1	3	0	0	0	0
252.00	124947	3080	79951	30741	124947	79951	3080	30741	2	9	1	7	26	0	9	0	1	7	0	0	0	0
256.00	124448	2600	75702	35042	124448	75702	2600	35042	1	10	1	2	19	0	6	0	1	11	0	0	0	0
260.00	122407	3862	70785	40476	122407	70785	3862	40476	1	10	1	6	17	0	10	0	0	7	0	0	0	0
264.00	118115	7296	65329	45991	118115	65329	7296	45991	1	11	1	6	14	1	13	0	1	11	0	0	0	0
268.00	112856	12632	61118	51108	112856	61118	12632	51108	1	13	3	5	9	1	13	0	3	12	0	0	0	0
272.00	106768	19607	56210	55130	106768	56210	19607	55130	3	6	0	3	9	0	5	0	0	6	0	0	0	0
276.00	100908	27082	50377	60920	100908	50377	27082	60920	6	17	1	8	9	3	12	0	1	17	0	0	0	0
280.00	94115	35356	44516	66981	94115	44516	35356	66981	5	12	5	2	8	3	11	0	6	11	0	0	0	0
284.00	83271	48775	41535	68891	83271	41535	48775	68891	11	8	2	4	6	5	10	0	2	8	0	0	0	0
288.00	77222	56670	35182	74851	77222	35182	56670	74851	12	6	3	4	7	11	7	0	3	7	0	0	0	0
292.00	66831	68397	30861	77473	66831	30861	68397	77473	11	9	4	4	3	7	4	0	4	7	0	0	0	0
296.00	57868	81075	26516	80055	57868	26516	81075	80055	14	9	2	4	2	12	17	0	3	8	0	0	0	0
300.00	51895	88973	21791	84415	51895	21791	88973	84415	11	11	2	0	1	15	14	0	4	10	0	0	0	0
304.00	43008	100031	18853	86670	43008	18853	100031	86670	19	7	3	4	1	21	13	0	2	7	0	0	0	0
308.00	35649	108818	16508	87260	35649	16508	108818	87260	7	1	4	5	0	20	5	0	4	1	0	0	0	0
312.00	29360	110640	13326	85866	29360	13326	110640	85866	6	1	4	2	2	20	4	0	5	1	0	0	0	0
316.00	26090	120425	13479	87052	26090	13479	120425	87052	7	7	4	3	1	19	7	0	4	7	0	0	0	0
320.00	20593	127942	14779	87064	20593	14779	127942	87064	6	3	1	4	0	23	4	0	0	3	0	0	0	0
324.00	15883	133443	17156	85236	15883	17156	133443	85236	4	6	3	3	0	23	7	0	1	7	0	0	0	0
328.00	12499	137142	21017	81811	12499	21017	137142	81811	4	1	2	7	1	23	3	0	3	1	0	0	0	0
332.00	10142	138220	27293	76210	10142	27293	138220	76210	0	2	6	4	1	22	2	0	6	2	0	0	0	0
336.00	6394	141371	31462	72724	6394	31462	141371	72724	0	0	9	9	0	21	0	0	7	0	0	0	0	0
340.00	5446	140662	40640	64952	5446	40640	140662	64952	0	0	8	6	1	13	0	0	7	0	0	0	0	0
344.00	3616	141377	48697	56984	3616	48697	141377	56984	0	0	7	3	1	18	0	0	9	0	0	0	0	0
348.00	2877	141224	58636	48695	2877	58636	141224	48695	1	0	17	10	0	13	0	0	18	0	0	0	0	0
352.00	1859	141567	68046	40655	1859	68046	141567	40655	0	0	21	7	0	9	1	0	20	0	0	0	0	0
356.00	1638	140987	76663	33680	1638	76663	140987	33680	0	0	28	6	0	7	0	0	25	0	0	0	0	0
360.00	2051	138101	84108	26623	2051	84108	138101	26623	1	0	24	1	0	7	0	0	22	0	0	0	0	0
