0.00 14087 136976 39163 22160 14087 39163 137329 22160 52 14 31 30 15 62 6 28 77 11 0 0 0 0 
4.00 17619 132136 42555 19477 17619 42555 132438 19477 4 3 10 2 0 4 3 0 10 3 0 0 0 0 
8.00 22172 126402 45575 16426 22172 45575 126743 16426 9 1 13 2 1 5 0 0 14 1 0 0 0 0 
12.00 27432 122131 49074 13609 27432 49074 122429 13609 7 0 14 6 1 6 0 0 12 0 0 0 0 0 
16.00 27808 119440 50794 10566 27808 50794 119740 10566 10 1 12 1 3 5 1 0 12 1 0 0 0 0 
20.00 32861 115588 52779 9067 32861 52779 115858 9067 6 2 14 1 4 3 1 0 14 1 0 0 0 0 
24.00 37129 111788 53755 8124 37129 53755 112038 8124 5 0 9 0 3 3 0 0 7 0 0 0 0 0 
28.00 43123 105332 53019 7903 43123 53019 105569 7903 10 1 11 2 5 0 1 0 11 0 0 0 0 0 
32.00 46956 101667 51799 8681 46956 51799 101903 8681 12 0 11 1 5 3 0 0 9 0 0 0 0 0 
36.00 49901 97908 49745 10528 49901 49745 98107 10528 13 2 9 1 2 2 1 0 9 2 0 0 0 0 
40.00 57732 89241 47895 12102 57732 47895 89485 12102 12 1 6 0 4 1 0 0 7 1 0 0 0 0 
44.00 61608 84289 44136 15005 61608 44136 84499 15005 17 5 5 3 3 4 2 0 7 5 0 0 0 0 
48.00 68928 77003 40196 18329 68928 40196 77194 18329 11 3 7 2 4 4 2 0 6 3 0 0 0 0 
52.00 74731 70337 37233 21543 74731 37233 70495 21543 7 2 3 4 3 2 2 0 3 3 0 0 0 0 
56.00 83348 59920 34340 24238 83348 34340 60038 24238 12 9 10 1 5 3 6 0 8 9 0 0 0 0 
60.00 87669 55927 30101 29517 87669 30101 56073 29517 7 7 0 2 3 4 6 0 0 6 0 0 0 0 
64.00 91011 51839 25629 33750 91011 25629 51939 33750 7 3 1 1 4 7 4 0 1 3 0 0 0 0 
68.00 96987 44227 22427 37523 96987 22427 44292 37523 9 7 2 4 8 6 7 0 2 6 0 0 0 0 
72.00 104522 36013 19612 40931 104522 19612 36056 40931 8 8 2 0 5 2 8 0 2 9 0 0 0 0 
76.00 109068 29497 16416 44264 109068 16416 29575 44264 6 11 1 0 4 4 14 0 0 14 0 0 0 0 
80.00 113294 24798 13841 47594 113294 13841 24871 47594 8 12 1 1 2 4 10 0 1 8 0 0 0 0 
84.00 118605 18597 12227 49691 118605 12227 18621 49691 3 9 0 1 2 1 13 0 0 13 0 0 0 0 
88.00 120592 15017 10844 51522 120592 10844 15060 51522 3 18 0 2 2 2 13 0 0 19 0 0 0 0 
92.00 124135 11107 10048 52924 124135 10048 11117 52924 1 11 0 4 4 0 21 0 0 12 0 0 0 0 
96.00 126208 7982 9817 53101 126208 9817 7993 53101 4 12 1 2 4 1 16 0 1 12 0 0 0 0 
100.00 129185 6313 9942 52741 129185 9942 6329 52741 0 15 0 2 2 0 11 0 0 11 0 0 0 0 
104.00 128953 6601 10247 52158 128953 10247 6610 52158 1 18 1 3 2 0 17 0 1 15 0 0 0 0 
108.00 125012 9065 10631 49648 125012 10631 9092 49648 3 12 1 2 3 2 9 0 0 8 0 0 0 0 
112.00 123370 12600 12231 48553 123370 12231 12636 48553 5 8 1 4 0 3 8 0 1 10 0 0 0 0 
116.00 119467 19058 13447 47703 119467 13447 19097 47703 5 17 0 0 3 1 19 0 0 17 0 0 0 0 
120.00 116616 23812 15998 44201 116616 15998 23874 44201 7 13 0 4 3 3 13 0 0 12 0 0 0 0 
124.00 107703 33963 17467 42803 107703 17467 34040 42803 5 11 2 1 3 5 14 0 2 10 0 0 0 0 
128.00 99987 44297 19984 39871 99987 19984 44420 39871 11 12 1 3 6 6 5 0 1 12 0 0 0 0 
132.00 89727 56786 22107 37113 89727 22107 56923 37113 13 12 3 0 5 4 3 0 2 12 0 0 0 0 
136.00 80229 67338 24542 34141 80229 24542 67496 34141 10 6 4 1 4 6 6 0 5 7 0 0 0 0 
140.00 72213 77672 27620 31264 72213 27620 77876 31264 10 7 3 2 2 4 3 0 4 7 0 0 0 0 
144.00 58067 94086 28745 29866 58067 28745 94312 29866 11 0 5 3 4 6 1 0 6 0 0 0 0 0 
148.00 46776 106942 31684 27625 46776 31684 107212 27625 5 4 8 0 3 3 1 0 8 4 0 0 0 0 
152.00 38265 118841 35458 24866 38265 35458 119178 24866 7 2 12 4 2 6 4 0 9 2 0 0 0 0 
156.00 26338 129975 36204 23400 26338 36204 130332 23400 9 1 7 1 0 8 1 0 6 1 0 0 0 0 
160.00 18815 139074 38404 21869 18815 38404 139474 21869 8 0 17 3 4 11 0 0 16 0 0 0 0 0 
164.00 12531 145474 40758 19808 12531 40758 145909 19808 7 0 17 1 3 8 0 0 22 0 0 0 0 0 
168.00 6466 152217 41818 19355 6466 41818 152642 19355 0 0 12 0 0 8 0 0 12 0 0 0 0 0 
172.00 3463 155961 44257 18362 3463 44257 156323 18362 0 0 12 1 1 5 0 0 10 0 0 0 0 0 
176.00 3207 154953 45822 16794 3207 45822 155404 16794 1 0 12 3 0 8 0 0 12 0 0 0 0 0 
180.00 4560 153709 48540 14988 4560 48540 154034 14988 0 1 18 2 1 3 2 0 16 1 0 0 0 0 
184.00 7385 149799 49561 14304 7385 49561 150271 14304 3 1 8 2 1 3 1 0 11 1 0 0 0 0 
188.00 13413 143286 51134 13545 13413 51134 143707 13545 3 0 22 1 2 5 0 0 19 0 0 0 0 0 
192.00 25547 129572 50897 13426 25547 50897 129808 13426 6 1 19 1 2 4 0 0 17 2 0 0 0 0 
196.00 33095 120263 52731 12027 33095 52731 120511 12027 6 1 13 1 1 1 0 0 12 1 0 0 0 0 
200.00 47967 103845 53258 11567 47967 53258 104068 11567 13 1 19 1 4 3 0 0 20 1 0 0 0 0 
204.00 60263 89532 53725 10654 60263 53725 89712 10654 6 2 6 2 6 2 2 0 8 2 0 0 0 0 
208.00 71220 78044 55072 9310 71220 55072 78181 9310 9 1 11 0 9 3 3 0 10 1 0 0 0 0 
212.00 83586 62597 54908 8312 83586 54908 62729 8312 7 1 2 1 13 1 1 0 3 1 0 0 0 0 
216.00 93178 53512 55454 7546 93178 55454 53603 7546 11 1 2 2 12 0 0 0 2 1 0 0 0 0 
220.00 106670 38798 55966 7188 106670 55966 38852 7188 11 1 3 2 8 0 0 0 4 1 0 0 0 0 
224.00 118450 25589 56521 7115 118450 56521 25648 7115 9 0 5 0 14 0 1 0 6 0 0 0 0 0 
228.00 125259 17544 55979 6946 125259 55979 17582 6946 2 2 6 2 15 0 2 0 5 2 0 0 0 0 
232.00 131211 11404 55121 7289 131211 55121 11415 7289 3 1 2 2 16 0 0 0 2 1 0 0 0 0 
236.00 133694 7614 54987 7689 133694 54987 7628 7689 2 0 2 2 22 0 0 0 1 1 0 0 0 0 
240.00 136898 5785 54955 8873 136898 54955 5793 8873 0 0 1 2 16 0 1 0 1 0 0 0 0 0 
244.00 134734 6820 53223 10526 134734 53223 6840 10526 2 2 0 0 10 0 2 0 0 2 0 0 0 0 
248.00 131057 10375 52468 11617 131057 52468 10376 11617 2 5 2 2 12 0 3 0 2 6 0 0 0 0 
252.00 127298 15543 50767 14062 127298 50767 15563 14062 3 5 2 2 10 0 4 0 2 5 0 0 0 0 
256.00 119553 23158 49080 16274 119553 49080 23201 16274 2 8 2 1 9 0 5 0 2 9 0 0 0 0 
260.00 110895 32421 47380 18148 110895 47380 32477 18148 7 3 6 1 10 1 3 0 7 3 0 0 0 0 
264.00 105757 38799 44165 21757 105757 44165 38856 21757 10 7 1 2 12 1 5 0 1 5 0 0 0 0 
268.00 95428 49324 41522 24615 95428 41522 49387 24615 10 2 6 1 9 2 6 0 5 2 0 0 0 0 
272.00 85960 61341 38887 26697 85960 38887 61474 26697 10 4 8 4 7 1 4 0 7 4 0 0 0 0 
276.00 73067 77061 36702 29235 73067 36702 77226 29235 11 4 7 2 1 4 4 0 6 3 0 0 0 0 
280.00 65322 85908 32835 32619 65322 32835 86109 32619 10 5 7 5 2 10 5 0 6 4 0 0 0 0 
284.00 53359 101156 31128 34091 53359 31128 101468 34091 17 6 5 5 6 11 8 0 5 4 0 0 0 0 
288.00 45104 111322 27110 37141 45104 27110 111637 37141 10 5 5 1 2 6 4 0 5 5 0 0 0 0 
292.00 35961 123511 24947 38962 35961 24947 123882 38962 14 1 13 2 3 10 1 0 12 0 0 0 0 0 
296.00 30216 130542 20606 41756 30216 20606 130849 41756 8 4 7 1 1 13 3 0 5 3 0 0 0 0 
300.00 22881 139795 17901 43221 22881 17901 140192 43221 14 3 5 2 1 13 3 0 5 3 0 0 0 0 
304.00 16297 145746 15509 43979 16297 15509 146232 43979 5 2 1 2 0 10 0 0 1 2 0 0 0 0 
308.00 12129 153651 13467 46120 12129 13467 154096 46120 0 1 5 2 0 10 1 0 4 1 0 0 0 0 
312.00 8814 157422 11676 47122 8814 11676 157914 47122 1 3 1 3 1 13 3 0 0 3 0 0 0 0 
316.00 5612 162444 10778 47714 5612 10778 162913 47714 0 1 4 0 0 17 1 0 4 1 0 0 0 0 
320.00 4391 164275 10174 48613 4391 10174 164753 48613 1 0 3 3 0 17 0 0 3 0 0 0 0 0 
324.00 3176 164489 10416 48373 3176 10416 164966 48373 0 0 1 1 0 12 1 0 1 0 0 0 0 0 
328.00 2671 165833 11367 47878 2671 11367 166290 47878 1 0 5 1 0 16 0 0 5 0 0 0 0 0 
332.00 2695 165021 13283 45846 2695 13283 165272 45846 1 1 6 1 0 16 1 0 6 0 0 0 0 0 
336.00 3337 165228 15623 44819 3337 15623 165447 44819 0 1 7 0 1 16 0 0 7 1 0 0 0 0 
340.00 4577 157011 17895 39453 4577 17895 157240 39453 1 1 5 1 0 17 1 0 7 1 0 0 0 0 
344.00 5149 157658 22907 37430 5149 22907 157915 37430 3 1 6 0 1 14 1 0 5 1 0 0 0 0 
348.00 7279 157073 27655 35462 7279 27655 157303 35462 1 2 13 4 0 12 2 0 12 1 0 0 0 0 
352.00 9849 153794 31658 32057 9849 31658 153978 32057 2 1 6 2 0 12 0 0 8 1 0 0 0 0 
356.00 12165 150032 36493 27902 12165 36493 150223 27902 5 1 14 1 0 3 0 0 11 1 0 0 0 0 
360.00 17750 142761 39555 25376 17750 39555 142947 25376 6 0 6 3 1 11 0 0 6 0 0 0 0 0 
