0.00 8589 196981 58499 13034 8589 58499 196981 13034 1 1 25 1 0 5 0 0 27 1 0 0 0 0 
4.00 8524 198532 61843 10447 8524 61843 198532 10447 4 0 20 2 0 3 0 0 17 0 0 0 0 0 
8.00 9099 198096 62978 8869 9099 62978 198096 8869 4 0 27 0 3 7 0 0 29 0 0 0 0 0 
12.00 9718 196946 63715 8065 9718 63715 196946 8065 9 0 36 0 2 2 0 0 32 0 0 0 0 0 
16.00 10979 196329 63210 8247 10979 63210 196329 8247 6 0 23 1 1 2 0 0 21 0 0 0 0 0 
20.00 11926 195994 61513 9660 11926 61513 195994 9660 7 0 19 1 0 4 0 0 16 0 0 0 0 0 
24.00 13425 194618 58050 11812 13425 58050 194618 11812 7 1 27 4 2 3 0 0 26 1 0 0 0 0 
28.00 15622 192116 53792 15364 15622 53792 192122 15364 4 0 25 0 1 6 0 0 26 0 0 0 0 0 
32.00 18450 190197 49667 18981 18450 49667 190197 18981 11 1 18 3 3 7 2 0 14 1 0 0 0 0 
36.00 20849 189322 44330 23741 20849 44330 189322 23741 8 3 15 5 0 9 4 0 13 3 0 0 0 0 
40.00 23737 185762 38709 28342 23737 38709 185762 28342 7 1 18 0 0 13 1 0 16 1 0 0 0 0 
44.00 28354 180120 33616 32739 28354 33616 180120 32739 11 4 7 4 2 16 4 0 7 3 0 0 0 0 
48.00 32670 175639 28625 37562 32670 28625 175639 37562 11 0 15 2 1 12 2 0 14 0 0 0 0 0 
52.00 37761 169473 23738 41761 37761 23738 169473 41761 12 10 17 2 6 10 5 0 17 9 0 0 0 0 
56.00 43538 161428 19885 45607 43538 19885 161428 45607 19 3 9 3 2 13 4 0 8 3 0 0 0 0 
60.00 48703 154804 15745 49648 48703 15745 154804 49648 13 5 5 1 2 13 7 0 5 7 0 0 0 0 
64.00 56794 144739 13495 52751 56794 13495 144739 52751 25 7 3 1 5 11 6 0 4 6 0 0 0 0 
68.00 62949 136855 10990 55420 62949 10990 136855 55420 8 8 2 0 1 22 7 0 2 8 0 0 0 0 
72.00 72310 124321 9710 57219 72310 9710 124321 57219 13 10 5 0 2 5 9 0 5 9 0 0 0 0 
76.00 79339 114691 9152 58648 79339 9152 114691 58648 17 13 1 1 4 11 10 0 1 12 0 0 0 0 
80.00 86527 104681 9305 59163 86527 9305 104681 59163 19 9 3 0 0 13 13 0 2 8 0 0 0 0 
84.00 94766 93444 10208 59557 94766 10208 93444 59557 16 13 3 1 2 12 15 0 3 16 0 0 0 0 
88.00 105537 80315 11554 58569 105537 11554 80315 58569 18 14 1 0 1 9 18 0 2 11 0 0 0 0 
92.00 113859 69665 13712 57553 113859 13712 69665 57553 22 7 1 3 1 8 8 0 1 7 0 0 0 0 
96.00 124448 57427 16019 55991 124448 16019 57427 55991 11 15 0 3 4 5 16 0 0 15 0 0 0 0 
100.00 133332 45682 18986 53542 133332 18986 45682 53542 15 13 1 3 6 7 18 0 1 14 0 0 0 0 
104.00 142815 34748 21318 51861 142815 21318 34748 51861 8 14 1 1 6 5 15 0 2 16 0 0 0 0 
108.00 151034 24767 24317 48602 151034 24317 24767 48602 2 20 2 1 7 3 19 0 2 17 0 0 0 0 
112.00 157306 16675 27841 45708 157306 27841 16675 45708 3 10 1 2 9 1 17 0 1 12 0 0 0 0 
116.00 162691 10848 31468 42112 162691 31468 10848 42112 3 15 0 3 6 1 14 0 0 13 0 0 0 0 
120.00 165668 6879 34296 39213 165668 34296 6879 39213 1 10 0 2 14 0 10 0 0 9 0 0 0 0 
124.00 168183 5048 37426 36458 168183 37426 5048 36458 2 9 0 3 10 0 15 0 0 8 0 0 0 0 
128.00 165790 6064 40702 33260 165790 40702 6064 33260 4 20 2 1 7 0 16 0 2 19 0 0 0 0 
132.00 163636 9728 44180 29743 163636 44180 9728 29743 3 9 0 5 13 0 3 0 0 10 0 0 0 0 
136.00 157589 15864 47132 26493 157589 47132 15864 26493 2 11 2 1 10 0 12 0 2 11 0 0 0 0 
140.00 152601 24596 50216 23478 152601 50216 24596 23478 10 7 3 1 20 1 5 0 3 9 0 0 0 0 
144.00 144461 35906 52867 20633 144461 52867 35906 20633 13 7 3 4 15 3 6 0 3 6 0 0 0 0 
148.00 131873 50607 55394 18650 131873 55394 50607 18650 12 4 8 2 24 0 8 0 9 5 0 0 0 0 
152.00 118712 65918 57255 16384 118712 57255 65918 16384 18 5 11 2 14 2 9 0 8 5 0 0 0 0 
156.00 104606 82721 59008 14705 104606 59008 82721 14705 19 2 7 1 16 4 4 0 7 2 0 0 0 0 
160.00 88058 105171 60227 13173 88058 60227 105171 13173 20 4 9 1 8 2 2 0 10 4 0 0 0 0 
164.00 74715 122326 62142 11966 74715 62142 122326 11966 25 1 14 3 4 5 3 0 15 1 0 0 0 0 
168.00 58647 141418 63068 10623 58647 63068 141418 10623 17 2 20 1 6 0 2 0 20 2 0 0 0 0 
172.00 44667 158505 63389 9863 44667 63389 158505 9863 19 0 18 0 2 2 0 0 18 0 0 0 0 0 
176.00 31942 174715 64006 9262 31942 64006 174715 9262 15 0 29 0 3 3 0 0 28 0 0 0 0 0 
180.00 23069 185564 64293 8593 23069 64293 185564 8593 9 1 25 0 3 1 0 0 26 0 0 0 0 0 
184.00 15370 196613 64269 8583 15370 64269 196613 8583 6 1 25 0 3 4 0 0 24 1 0 0 0 0 
188.00 10687 201665 64581 8052 10687 64581 201665 8052 9 0 22 1 1 2 0 0 21 0 0 0 0 0 
192.00 9675 204225 63880 8151 9675 63880 204225 8151 2 0 40 1 3 6 0 0 42 0 0 0 0 0 
196.00 11661 196606 62404 8552 11661 62404 196606 8552 3 0 30 0 2 4 0 0 29 0 0 0 0 0 
200.00 17251 191603 62386 8687 17251 62386 191603 8687 3 0 29 1 0 3 0 0 23 0 0 0 0 0 
204.00 28000 182966 62398 8805 28000 62398 182966 8805 14 0 14 1 5 4 0 0 13 0 0 0 0 0 
208.00 39679 168148 61759 9446 39679 61759 168148 9446 15 1 22 0 7 3 0 0 23 2 0 0 0 0 
212.00 52055 151993 60666 10312 52055 60666 151993 10312 18 1 23 0 7 3 2 0 23 1 0 0 0 0 
216.00 67928 132679 59460 11253 67928 59460 132679 11253 19 1 11 1 5 1 3 0 13 3 0 0 0 0 
220.00 84136 113526 58294 12277 84136 58294 113526 12277 15 3 8 0 9 4 3 0 7 3 0 0 0 0 
224.00 100456 92827 57073 13961 100456 57073 92827 13961 17 2 12 1 11 5 5 0 10 2 0 0 0 0 
228.00 114899 75431 55718 15503 114899 55718 75431 15503 27 1 8 4 13 2 6 0 8 0 0 0 0 0 
232.00 128360 57974 53432 17527 128360 53432 57974 17527 17 4 10 2 12 4 6 0 11 5 0 0 0 0 
236.00 141647 39214 52646 19291 141647 52646 39214 19291 10 4 3 1 12 1 8 0 2 4 0 0 0 0 
240.00 150639 27460 50707 21812 150639 50707 27460 21812 9 9 3 0 15 1 4 0 2 8 0 0 0 0 
244.00 159312 17347 49132 24340 159312 49132 17347 24340 16 9 1 3 15 1 6 0 0 11 0 0 0 0 
248.00 163409 10031 46606 27085 163409 46606 10031 27085 3 11 0 4 13 1 13 0 0 10 0 0 0 0 
252.00 165273 6264 43965 31039 165273 43965 6264 31039 0 7 0 1 19 0 12 0 0 6 0 0 0 0 
256.00 165949 4982 41315 33684 165949 41315 4982 33684 2 14 1 3 14 1 11 0 1 15 0 0 0 0 
260.00 164561 6528 38156 37103 164561 38156 6528 37103 1 16 2 2 8 0 7 0 2 16 0 0 0 0 
264.00 159621 10196 35398 40808 159621 35398 10196 40808 3 10 2 4 10 2 17 0 2 9 0 0 0 0 
268.00 154141 17085 32360 43612 154141 32360 17085 43612 5 9 1 1 10 1 12 0 1 8 0 0 0 0 
272.00 147151 25322 29017 46298 147151 29017 25322 46298 9 12 0 4 10 2 10 0 0 11 0 0 0 0 
276.00 138220 37287 26624 48300 138220 26624 37287 48300 4 15 3 3 7 7 12 0 3 15 0 0 0 0 
280.00 128768 49311 23692 51373 128768 23692 49311 51373 9 19 4 4 4 4 19 0 4 18 0 0 0 0 
284.00 117681 61669 20919 53217 117681 20919 61669 53217 23 12 3 4 3 5 8 0 2 11 0 0 0 0 
288.00 107756 75939 18071 55246 107756 18071 75939 55246 21 12 0 5 4 8 13 0 0 11 0 0 0 0 
292.00 96197 88708 15759 56311 96197 15759 88708 56311 18 13 2 1 1 11 9 0 2 13 0 0 0 0 
296.00 85779 103015 13563 57475 85779 13563 103015 57475 25 9 6 3 0 7 10 0 4 11 0 0 0 0 
300.00 76384 116407 12144 58300 76384 12144 116407 58300 18 7 6 1 3 10 10 0 4 7 0 0 0 0 
304.00 68204 127961 10949 58322 68204 10949 127961 58322 11 11 1 2 2 17 10 0 1 13 0 0 0 0 
308.00 60513 137188 10625 57188 60513 10625 137188 57188 16 11 3 2 1 18 6 0 2 11 0 0 0 0 
312.00 51304 147223 11161 56132 51304 11161 147223 56132 14 4 3 1 0 16 7 0 2 4 0 0 0 0 
316.00 43424 156106 12541 54102 43424 12541 156106 54102 13 5 3 1 1 21 3 0 3 6 0 0 0 0 
320.00 36969 167004 14055 51912 36969 14055 167004 51912 19 7 1 2 4 14 7 0 1 7 0 0 0 0 
324.00 30673 176618 16648 48771 30673 16648 176618 48771 9 1 4 2 2 18 1 0 3 1 0 0 0 0 
328.00 26749 181314 20330 46080 26749 20330 181314 46080 9 3 9 2 2 17 4 0 9 4 0 0 0 0 
332.00 22065 186283 24549 42439 22065 24549 186283 42439 9 0 13 2 1 15 3 0 11 0 0 0 0 0 
336.00 18962 189339 29255 37975 18962 29255 189339 37975 8 0 9 0 0 15 1 0 7 0 0 0 0 0 
340.00 15551 193237 34491 33833 15551 34491 193237 33833 5 1 19 1 1 10 1 0 19 1 0 0 0 0 
344.00 13269 193392 39929 29240 13269 39929 193392 29240 6 1 8 3 1 13 0 0 8 1 0 0 0 0 
348.00 12095 196342 45661 24162 12095 45661 196342 24162 4 1 12 3 1 11 1 0 13 2 0 0 0 0 
352.00 10467 196135 51035 19634 10467 51035 196135 19634 5 0 17 3 0 8 0 0 16 0 0 0 0 0 
356.00 9469 199141 55158 16329 9469 55158 199141 16329 6 0 35 0 2 6 0 0 34 0 0 0 0 0 
360.00 8432 197821 58927 12669 8432 58927 197821 12669 4 0 23 3 2 6 1 0 18 0 0 0 0 0 
