12.80000	2938	1838	3460	2690	2938	3460	1838	2690	0	0	0	0	0	0	0	0	0	0	0	0	0	0
12.82000	5507	237301	33130	171541	5507	33130	237301	171541	1	2	8	4	1	42	1	0	9	2	0	0	0	0
12.84000	5966	284957	39601	205951	5966	39601	284957	205951	2	1	10	6	0	60	0	0	9	1	0	0	0	0
12.86000	248841	64750	64705	85475	248841	64705	64750	85475	216	187	46	34	48	55	13	0	47	187	0	0	0	0
12.88000	302428	8102	69258	52645	302428	69258	8102	52645	4	11	0	2	17	0	13	0	0	10	0	0	0	0
12.90000	306030	250681	100054	225741	306030	100054	250681	225741	5413	3875	1185	1004	758	1031	75	0	1185	3880	0	0	0	0
12.92000	311790	289345	106097	255666	311790	106097	289345	255666	6381	4682	1465	1118	844	1241	92	0	1461	4676	0	0	0	0
12.94000	311900	290388	105983	256133	311900	105983	290388	256133	6395	4667	1411	1196	867	1325	89	0	1411	4663	0	0	0	0
12.96000	315406	289527	106516	255498	315406	106515	289527	255498	6513	4677	1476	1245	899	1212	111	0	1474	4669	0	0	0	0
12.98000	316942	289912	107324	255857	316942	107324	289912	255857	6491	4787	1459	1114	837	1300	72	0	1460	4779	0	0	0	0
13.00000	321515	289174	108307	256583	321515	108307	289174	256583	6425	4823	1487	1227	887	1260	77	0	1483	4831	0	0	0	0
13.02000	322472	290523	108312	257584	322472	108312	290523	257584	6685	4798	1498	1229	891	1322	76	0	1497	4797	0	0	0	0
13.04000	323732	289986	108733	256854	323732	108733	289986	256854	6729	4849	1600	1191	955	1310	83	0	1600	4855	0	0	0	0
13.06000	323901	288282	109554	257317	323901	109554	288282	257317	6897	4937	1526	1268	897	1288	83	0	1526	4929	0	0	0	0
13.08000	328161	290378	110523	258498	328161	110523	290378	258498	6897	5007	1524	1288	903	1380	82	0	1523	5001	0	0	0	0
13.10000	332114	288405	110046	257828	332114	110046	288405	257828	7047	5033	1571	1233	973	1301	101	0	1574	5022	0	0	0	0
13.12000	331788	287979	110462	257384	331788	110462	287979	257384	7122	5220	1609	1256	920	1396	91	0	1610	5214	0	0	0	0
13.14000	335921	289512	111254	258615	335921	111254	289512	258615	7127	5126	1612	1268	945	1357	98	0	1614	5128	0	0	0	0
13.16000	337795	288180	112140	258625	337795	112140	288180	258625	7228	5244	1662	1351	947	1416	101	0	1662	5240	0	0	0	0
13.18000	339228	288586	112043	259749	339228	112043	288586	259749	7274	5300	1622	1284	993	1467	106	0	1623	5295	0	0	0	0
13.20000	339871	289274	112586	261008	339871	112586	289274	261008	7361	5260	1575	1346	995	1445	99	0	1574	5267	0	0	0	0
13.22000	343303	288659	112720	259524	343303	112720	288659	259524	7378	5367	1573	1265	1000	1472	101	0	1574	5365	0	0	0	0
13.24000	344672	289234	113107	260095	344672	113107	289234	260095	7399	5382	1719	1345	989	1397	92	0	1719	5383	0	0	0	0
13.26000	345635	287603	113360	259900	345635	113360	287603	259900	7377	5437	1630	1385	960	1430	98	0	1632	5437	0	0	0	0
13.28000	346680	286812	113505	259392	346680	113505	286812	259392	7383	5452	1685	1326	1013	1382	101	0	1686	5450	0	0	0	0
13.30000	348186	289122	114129	261061	348186	114129	289122	261061	7591	5540	1737	1377	1051	1436	95	0	1739	5544	0	0	0	0
13.32000	351237	288928	114358	262350	351237	114358	288928	262350	7578	5512	1708	1307	996	1443	85	0	1708	5516	0	0	0	0
13.34000	351926	288531	114790	262150	351926	114790	288531	262150	7669	5616	1774	1434	1085	1428	85	0	1778	5610	0	0	0	0
13.36000	352717	289519	115060	262138	352717	115060	289519	262138	7782	5640	1748	1403	1080	1508	92	0	1750	5644	0	0	0	0
13.38000	354978	288676	115589	261979	354978	115589	288676	261979	7927	5587	1759	1396	1055	1525	102	0	1757	5585	0	0	0	0
13.40000	355192	289412	115819	263005	355192	115818	289412	263005	7805	5617	1828	1460	1124	1513	110	0	1831	5618	0	0	0	0
13.42000	356015	288946	115579	261405	356015	115579	288946	261405	7934	5683	1716	1416	1078	1506	96	0	1714	5676	0	0	0	0
13.44000	357733	289196	116097	262246	357733	116097	289196	262246	7929	5659	1734	1462	1074	1525	89	0	1730	5652	0	0	0	0
13.46000	358598	289251	116718	262010	358598	116718	289251	262010	8001	5717	1808	1431	1115	1518	113	0	1806	5722	0	0	0	0
13.48000	359651	290041	116463	263119	359651	116463	290041	263119	8081	5759	1802	1444	1106	1542	110	0	1800	5749	0	0	0	0
13.50000	361736	288297	116395	262578	361736	116395	288297	262578	7981	5884	1845	1327	1123	1542	98	0	1846	5882	0	0	0	0
13.52000	362124	287879	116301	262634	362124	116301	287879	262634	8008	5806	1884	1410	1078	1594	104	0	1885	5810	0	0	0	0
13.54000	364835	288577	117888	263886	364835	117888	288577	263886	8225	5949	1782	1556	1107	1604	105	0	1780	5947	0	0	0	0
13.56000	365184	289676	118504	263871	365184	118504	289676	263871	8153	6012	1908	1542	1084	1702	115	0	1909	6009	0	0	0	0
13.58000	365957	289851	117568	264283	365957	117568	289851	264283	8355	5889	1921	1471	1131	1637	109	0	1914	5881	0	0	0	0
13.60000	369122	288393	118828	263705	369122	118828	288393	263705	8402	6082	1891	1529	1132	1635	97	0	1888	6075	0	0	0	0
13.62000	370299	287562	118892	264474	370299	118892	287562	264474	8379	6117	1906	1638	1069	1658	99	0	1903	6118	0	0	0	0
13.64000	372398	287615	119070	263837	372398	119070	287615	263837	8530	6196	1857	1607	1159	1626	100	0	1856	6196	0	0	0	0
13.66000	372616	289938	119011	264792	372616	119011	289938	264792	8472	6133	1859	1668	1139	1745	92	0	1858	6132	0	0	0	0
13.68000	374287	287101	119464	264078	374287	119464	287101	264078	8284	6300	1892	1675	1129	1680	108	0	1892	6296	0	0	0	0
13.70000	377126	287926	119715	265016	377126	119715	287926	265016	8666	6299	1970	1701	1135	1643	119	0	1967	6295	0	0	0	0
13.72000	379351	289769	120863	266934	379351	120863	289769	266934	8809	6264	2041	1551	1151	1754	102	0	2042	6263	0	0	0	0
13.74000	379069	289061	121076	266426	379069	121076	289061	266426	8867	6195	2040	1417	1195	1576	113	0	2041	6195	0	0	0	0
13.76000	381260	289692	120931	265630	381260	120931	289692	265630	8830	6229	2123	1305	1243	1408	98	0	2120	6230	0	0	0	0
13.78000	382015	287935	120845	265126	382015	120845	287935	265126	8941	6186	2203	1101	1281	1231	109	0	2206	6191	0	0	0	0
13.80000	381327	287786	121064	264643	381327	121064	287786	264643	9023	5931	2347	999	1429	1131	121	0	2342	5925	0	0	0	0
13.82000	383770	288719	121452	264605	383770	121452	288719	264605	9226	6024	2291	804	1345	1007	95	0	2288	6024	0	0	0	0
13.84000	382719	288596	121699	264920	382719	121699	288596	264920	9136	5942	2463	696	1428	911	109	0	2462	5941	0	0	0	0
13.86000	383794	288216	120799	265867	383794	120799	288216	265867	9305	6006	2394	668	1381	921	117	0	2394	6005	0	0	0	0
13.88000	384768	287508	121594	266261	384768	121594	287508	266261	9140	6078	2300	763	1384	1050	104	0	2299	6070	0	0	0	0
13.90000	385031	288121	121031	265374	385031	121031	288121	265374	9170	6051	2245	865	1472	1167	118	0	2239	6042	0	0	0	0
13.92000	385816	287364	121836	265635	385816	121836	287364	265635	9214	6119	2196	959	1426	1313	106	0	2197	6115	0	0	0	0
13.94000	386913	288510	122424	266255	386913	122424	288510	266255	9044	6179	2253	1274	1331	1522	118	0	2249	6177	0	0	0	0
13.96000	387676	288954	122779	267020	387676	122779	288954	267020	9276	6507	2114	1434	1305	1660	119	0	2114	6504	0	0	0	0
13.98000	386370	287994	121777	266961	386370	121777	287994	266961	9154	6463	2066	1590	1309	1817	100	0	2065	6458	0	0	0	0
14.00000	388596	288432	122970	267156	388596	122970	288432	267156	9247	6802	2008	1752	1226	1852	113	0	2002	6796	0	0	0	0
14.02000	391046	288450	122861	268150	391046	122861	288450	268150	9228	6698	2037	1777	1253	1900	114	0	2037	6701	0	0	0	0
14.04000	391634	288611	123061	268808	391634	123061	288611	268808	9328	6828	2014	1790	1187	1938	120	0	2011	6828	0	0	0	0
14.06000	391212	288983	122631	267869	391212	122631	288983	267869	9257	6769	2079	1832	1215	1821	117	0	2078	6767	0	0	0	0
14.08000	389404	286040	123369	268040	389404	123369	286040	268040	9368	6857	2054	1765	1260	1870	110	0	2049	6852	0	0	0	0
14.10000	388714	288751	122389	267630	388714	122389	288751	267630	9376	6791	2068	1765	1266	1910	108	0	2067	6783	0	0	0	0
14.12000	388675	287493	123175	267316	388675	123175	287493	267316	9414	6887	2084	1730	1275	1831	104	0	2084	6876	0	0	0	0
14.14000	387694	289203	122866	269505	387694	122866	289203	269505	9395	6866	2111	1696	1273	1823	118	0	2106	6861	0	0	0	0
14.16000	385171	288498	122235	266779	385171	122235	288498	266779	9326	6730	2138	1777	1238	1833	119	0	2135	6733	0	0	0	0
14.18000	383891	288578	121197	268330	383891	121197	288578	268330	9291	6696	2059	1736	1190	1760	101	0	2059	6693	0	0	0	0
14.20000	383484	287994	121351	267101	383484	121351	287994	267101	9159	6742	2000	1743	1215	1804	115	0	2004	6733	0	0	0	0
14.22000	385259	287483	121299	267234	385259	121299	287483	267234	9143	6724	2088	1711	1267	1842	106	0	2088	6709	0	0	0	0
14.24000	383413	287801	121119	267161	383413	121119	287801	267161	9220	6633	1953	1738	1257	1810	122	0	1954	6631	0	0	0	0
14.26000	382731	287651	122117	266842	382731	122117	287651	266842	9326	6641	2050	1766	1258	1876	100	0	2049	6638	0	0	0	0
14.28000	381208	287852	121323	265947	381208	121323	287852	265947	9203	6717	1965	1733	1261	1762	109	0	1961	6718	0	0	0	0
14.30000	380590	287375	121065	266923	380589	121065	287375	266923	9175	6675	2088	1718	1220	1862	102	0	2086	6677	0	0	0	0
14.32000	379985	287647	120454	267387	379984	120454	287647	267387	9374	6807	2019	1685	1232	1814	102	0	2018	6799	0	0	0	0
14.34000	380161	286529	120966	265885	380161	120966	286529	265885	9331	6555	1942	1648	1279	1725	96	0	1941	6558	0	0	0	0
14.36000	380667	288216	120444	267200	380667	120443	288216	267200	9090	6746	2095	1622	1250	1817	111	0	2089	6745	0	0	0	0
14.38000	379236	286956	121136	266172	379236	121136	286956	266172	8974	6642	2081	1590	1198	1816	105	0	2081	6640	0	0	0	0
14.40000	379909	286222	120890	266302	379909	120890	286222	266302	9104	6778	2091	1717	1275	1739	109	0	2089	6777	0	0	0	0
14.42000	380010	287032	120565	265324	380010	120565	287032	265324	9221	6642	2081	1672	1270	1783	103	0	2083	6635	0	0	0	0
14.44000	377793	287140	120653	265489	377793	120653	287140	265489	9206	6649	2127	1735	1238	1787	96	0	2124	6651	0	0	0	0
14.46000	377183	287019	119923	266604	377183	119923	287019	266604	9253	6773	2055	1676	1237	1853	122	0	2053	6771	0	0	0	0
14.48000	377220	287003	119368	266061	377220	119368	287003	266061	9370	6657	2034	1630	1242	1748	119	0	2036	6657	0	0	0	0
14.50000	378144	288204	120755	266126	378144	120755	288204	266126	9396	6789	2055	1674	1208	1811	113	0	2051	6790	0	0	0	0
14.52000	377951	287974	120242	267112	377951	120242	287974	267112	9158	6851	2093	1708	1214	1840	102	0	2093	6850	0	0	0	0
14.54000	375761	287351	119423	266194	375761	119423	287351	266194	9286	6842	2120	1647	1205	1838	106	0	2117	6837	0	0	0	0
14.56000	375113	286975	120242	265137	375113	120242	286975	265137	9192	6832	2100	1734	1210	1859	96	0	2101	6830	0	0	0	0
14.58000	376121	288515	119344	265497	376121	119344	288515	265497	9444	6728	2097	1681	1284	1903	112	0	2096	6722	0	0	0	0
14.60000	373621	287257	119576	265530	373621	119576	287257	265530	9230	6767	1974	1779	1282	1822	102	0	1975	6769	0	0	0	0
14.62000	374017	287149	119679	265327	374017	119679	287149	265327	9207	6613	2070	1737	1284	1880	107	0	2070	6600	0	0	0	0
14.64000	371629	287913	119248	264754	371629	119248	287913	264754	9405	6713	2105	1774	1203	1911	133	0	2098	6712	0	0	0	0
14.66000	372154	287635	119146	265306	372154	119146	287635	265306	9256	6781	2040	1693	1305	1815	121	0	2040	6776	0	0	0	0
14.68000	370715	286668	119020	265610	370715	119020	286668	265610	9295	6678	1939	1700	1231	1859	102	0	1942	6679	0	0	0	0
14.70000	369858	287876	119286	264585	369858	119286	287876	264585	9300	6719	2100	1706	1286	1836	103	0	2100	6727	0	0	0	0
14.72000	368649	286331	118468	265145	368649	118468	286331	265145	9239	6887	2079	1691	1257	1759	109	0	2074	6887	0	0	0	0
14.74000	367371	286572	118674	263569	367371	118674	286572	263569	9394	6772	2030	1685	1237	1804	107	0	2030	6771	0	0	0	0
14.76000	366766	286251	117920	264343	366766	117920	286251	264343	9213	6880	2099	1806	1252	1767	103	0	2098	6887	0	0	0	0
14.78000	364070	286896	117227	263324	364070	117227	286896	263324	9255	6617	2149	1683	1230	1799	89	0	2149	6616	0	0	0	0
