12.96 492872 406633 200749 145358 492872 200749 412268 145358 7949 4839 4584 809 6071 3671 108 80 4714 4852 0 0 0 0 
13.02 495864 408652 205796 146012 495864 205796 414381 146012 8091 4713 4798 682 6144 3695 84 0 4924 4714 0 0 0 0 
13.08 498654 414335 209652 151415 498654 209652 420279 151415 8505 4936 4909 760 6319 3782 81 0 5031 4931 0 0 0 0 
13.14 504386 418580 216093 156320 504386 216093 424680 156320 8728 5229 5176 785 6544 3970 78 0 5307 5229 0 0 0 0 
13.20 506724 421340 219066 161558 506724 219066 427655 161558 8791 5400 5331 767 6675 4066 77 0 5458 5398 0 0 0 0 
13.26 510457 427301 225396 164899 510457 225396 433742 164899 9300 5551 5383 880 7001 4243 69 0 5506 5550 0 0 0 0 
13.32 514047 428613 228113 169288 514047 228113 435121 169288 9737 5771 5624 815 7067 4321 86 0 5776 5775 0 0 0 0 
13.38 516692 432991 233166 171998 516692 233166 439475 171998 9600 5673 5656 853 7249 4402 84 0 5788 5672 0 0 0 0 
13.44 519736 434679 238190 175759 519736 238190 441236 175759 9654 6072 6010 847 7383 4490 83 0 6164 6066 0 0 0 0 
13.50 522170 438444 239979 178390 522170 239979 445201 178390 9722 6161 6053 879 7462 4534 94 0 6214 6153 0 0 0 0 
13.56 524345 439978 242717 179307 524345 242717 446857 179307 10217 6058 6032 870 7768 4580 97 0 6184 6060 0 0 0 0 
13.62 526399 440924 243732 182346 526399 243732 447966 182346 10688 6031 5786 943 7971 4558 93 0 5945 6026 0 0 0 0 
13.64 525682 440551 243769 181759 525682 243769 447665 181759 10780 6044 5661 883 7835 4589 92 0 5830 6047 0 0 0 0 
13.66 526586 443233 244033 183070 526586 244033 450354 183070 10649 6132 5825 898 8027 4718 104 0 5990 6137 0 0 0 0 
13.68 527001 442623 244971 182032 527001 244971 449445 182032 10037 6049 5985 876 7735 4642 107 0 6156 6045 0 0 0 0 
13.70 526190 442114 244058 183591 526190 244058 448539 183591 9200 6283 6288 889 7322 4575 95 0 6439 6280 0 0 0 0 
13.72 526742 441251 243386 184294 526742 243386 447374 184294 7812 6346 6717 844 6874 4570 106 0 6893 6337 0 0 0 0 
13.74 525030 441593 240293 187852 525030 240293 447118 187852 6397 6650 7099 802 6168 4529 108 0 7293 6643 0 0 0 0 
13.76 525891 441251 244774 183284 525891 244774 446340 183284 4794 6477 8002 661 5416 4288 95 0 8189 6471 0 0 0 0 
13.78 524568 439495 243741 185185 524568 243741 443966 185185 3060 6792 8521 610 4760 4243 121 0 8731 6781 0 0 0 0 
13.80 521836 438724 243448 186028 521836 243448 442882 186028 1844 6873 8863 580 4282 4171 90 0 9097 6873 0 0 0 0 
13.82 523263 439965 244732 184785 523263 244732 443711 184785 1049 6754 9342 502 3930 4110 94 0 9582 6752 0 0 0 0 
13.84 522390 439839 244163 185502 522390 244163 443638 185502 984 6760 9342 514 3687 4088 111 0 9575 6762 0 0 0 0 
13.86 521942 439661 243065 186677 521942 243065 443675 186677 1587 6959 9249 583 3874 4127 105 0 9465 6958 0 0 0 0 
13.88 523619 440057 242544 188232 523619 242544 444457 188232 2869 6708 8625 625 4218 4286 104 0 8845 6715 0 0 0 0 
13.90 523793 439438 243447 185956 523793 243447 444367 185956 4460 6622 8211 665 5003 4426 79 0 8403 6624 0 0 0 0 
13.92 524276 441383 243529 186484 524276 243529 447039 186484 6365 6411 7388 786 5633 4495 94 0 7579 6405 0 0 0 0 
13.94 523570 442125 241157 186982 523570 241157 448366 186982 8132 6268 6641 830 6363 4652 95 0 6817 6261 0 0 0 0 
13.96 526833 442231 242812 186374 526833 242812 448809 186374 9344 6138 6228 917 7083 4821 112 0 6367 6135 0 0 0 0 
13.98 527018 441981 242502 184917 527019 242502 449131 184917 10431 5966 5882 975 7499 4743 95 0 6050 5964 0 0 0 0 
14.00 525317 441826 240365 186314 525317 240365 448926 186314 10921 6030 5493 949 7633 4801 101 0 5637 6026 0 0 0 0 
14.02 524324 441363 242015 184804 524324 242015 448526 184804 10938 5903 5346 976 7696 4638 101 0 5478 5893 0 0 0 0 
14.04 525924 442158 239204 184624 525924 239204 449261 184624 10626 5915 5485 904 7769 4614 103 0 5633 5909 0 0 0 0 
14.06 525254 440360 240098 184105 525254 240098 447168 184105 10452 6077 5513 937 7589 4663 99 0 5662 6080 0 0 0 0 
14.08 523497 439682 237384 184184 523497 237384 446490 184184 9847 6016 5495 873 7257 4600 104 0 5627 6022 0 0 0 0 
14.10 523117 437456 237574 181721 523117 237574 444104 181721 9564 5844 5673 922 7123 4532 72 0 5813 5845 0 0 0 0 
14.16 519272 433969 233695 178239 519272 233695 440263 178239 8775 5931 5559 868 6758 4352 102 0 5702 5935 0 0 0 0 
14.22 514357 430016 226843 173486 514357 226843 436326 173486 8941 5523 5206 840 6538 4138 103 0 5335 5520 0 0 0 0 
14.28 511006 426833 221530 170395 511006 221530 432873 170395 8500 5257 4933 741 6338 4073 86 0 5051 5255 0 0 0 0 
14.34 506096 420753 217153 163991 506096 217153 426733 163991 8143 4950 4716 742 6150 3787 87 0 4862 4946 0 0 0 0 
14.40 500460 416777 211241 160840 500460 211241 422381 160840 7800 4743 4459 708 5702 3658 76 0 4584 4745 0 0 0 0 
14.46 495979 413074 205600 154843 495979 205600 418607 154843 7463 4622 4273 691 5421 3435 73 0 4385 4615 0 0 0 0 
14.52 491674 407991 200291 152932 491674 200291 413336 152932 7200 4402 4079 631 5189 3394 80 0 4183 4400 0 0 0 0 
14.58 488101 404442 196755 146790 488101 196755 409617 146790 6870 4283 3951 630 5050 3101 70 0 4039 4279 0 0 0 0 
14.64 484632 400043 190215 141006 484632 190215 404852 141006 6468 3800 3592 562 4625 2937 72 0 3677 3795 0 0 0 0 
14.70 480087 395245 182506 139048 480087 182506 400043 139048 6000 3763 3400 541 4322 2798 57 0 3488 3762 0 0 0 0 
14.76 474917 390309 178716 131588 474917 178716 395015 131588 5557 3501 3249 455 4066 2583 71 0 3333 3502 0 0 0 0 
