12.96 233375 379175 405601 149939 233375 405601 379175 149939 6251 2143 6001 2621 6245 2326 35 0 5991 2145 0 0 0 0 
13.02 241352 381712 409032 151236 241352 409032 381712 151236 6780 2159 6254 2697 6581 2388 33 0 6248 2158 0 0 0 0 
13.08 247585 383644 410593 152418 247585 410593 383644 152418 6732 2315 6364 2682 6829 2483 42 0 6361 2317 0 0 0 0 
13.14 255617 385359 416440 154265 255617 416440 385359 154265 6886 2336 6508 2853 7011 2470 41 0 6510 2333 0 0 0 0 
13.20 261101 387639 420350 155733 261101 420350 387639 155733 7164 2498 6730 2934 7058 2551 52 0 6716 2497 0 0 0 0 
13.26 266034 389532 421857 157327 266034 421857 389532 157327 7328 2448 6871 2960 7135 2635 34 0 6867 2443 0 0 0 0 
13.32 270731 391437 424404 158003 270731 424404 391437 158003 7172 2553 6982 3117 7197 2606 50 0 6974 2551 0 0 0 0 
13.38 276343 393516 428428 158450 276343 428428 393516 158450 7311 2527 6989 3031 7561 2699 44 0 6995 2525 0 0 0 0 
13.44 280750 395391 429999 160053 280750 429999 395391 160053 7518 2479 6930 3079 7390 2792 54 0 6934 2480 0 0 0 0 
13.50 282175 396928 432446 161177 282175 432446 396928 161177 7495 2454 6996 2899 7572 2871 59 0 6985 2457 0 0 0 0 
13.56 285432 398176 430865 160237 285432 430865 398176 160237 7503 2574 6975 2981 7419 2755 44 0 6982 2575 0 0 0 0 
13.62 286387 397992 434551 161270 286387 434551 397992 161270 7772 2629 7372 3205 7250 2585 46 0 7369 2623 0 0 0 0 
13.64 285727 396924 433573 161191 285727 433573 396924 161191 7623 2605 7431 3268 7283 2563 55 0 7427 2606 0 0 0 0 
13.66 285522 397466 432873 161475 285522 432873 397466 161475 7510 2598 7214 3211 7180 2553 53 0 7207 2597 0 0 0 0 
13.68 284594 397112 432958 161432 284594 432958 397112 161432 7313 2566 6839 2968 7341 2688 36 0 6834 2572 0 0 0 0 
13.70 286898 397066 433454 161488 286898 433454 397066 161488 7362 2547 6496 2649 7354 2967 47 0 6496 2550 0 0 0 0 
13.72 285216 395734 432491 160820 285216 432491 395734 160820 6980 2406 5658 2362 7499 3202 47 0 5644 2411 0 0 0 0 
13.74 284601 394205 432080 159949 284601 432080 394205 159949 6709 2236 4754 1965 7852 3436 60 0 4755 2237 0 0 0 0 
13.76 284761 395887 431134 161073 284761 431134 395887 161073 6562 2164 3510 1487 8033 3929 48 0 3507 2166 0 0 0 0 
13.78 283942 394820 430162 161109 283942 430162 394820 161109 6176 2064 2463 975 8362 4202 58 0 2463 2060 0 0 0 0 
13.80 283099 393348 429268 159768 283099 429268 393348 159768 6079 1936 1476 599 8389 4561 60 0 1474 1936 0 0 0 0 
13.82 281097 393879 427188 159956 281097 427188 393879 159956 5760 1851 923 357 8589 4694 50 0 924 1852 0 0 0 0 
13.84 280950 393461 428916 159649 280950 428916 393461 159649 5730 1894 646 308 8490 4667 49 0 640 1893 0 0 0 0 
13.86 281026 392413 428513 160306 281026 428512 392413 160306 5766 1854 865 469 8452 4600 55 0 863 1854 0 0 0 0 
13.88 280301 391182 427321 159866 280301 427321 391182 159866 5779 1878 1516 813 8227 4335 53 0 1512 1878 0 0 0 0 
13.90 277848 391746 429054 159185 277848 429054 391746 159185 5877 1974 2460 1246 7868 3826 50 0 2450 1970 0 0 0 0 
13.92 277001 391204 428647 159260 277001 428647 391204 159260 5985 2007 3465 1677 7472 3424 46 0 3456 2009 0 0 0 0 
13.94 276991 389736 428388 158900 276991 428388 389736 158900 6271 2081 4451 2203 7209 3014 42 0 4441 2076 0 0 0 0 
13.96 274190 390533 427849 158827 274190 427849 390533 158827 6369 2204 5468 2490 6858 2620 40 0 5459 2202 0 0 0 0 
13.98 273429 392759 428009 157463 273429 428009 392759 157463 6466 2309 6099 2759 6492 2389 42 0 6099 2308 0 0 0 0 
14.00 271597 391064 426167 158004 271597 426167 391064 158004 6528 2169 6442 2787 6315 2253 51 0 6438 2168 0 0 0 0 
14.02 269835 389679 426786 156821 269835 426785 389679 156821 6404 2099 6608 2836 6308 2050 53 0 6603 2094 0 0 0 0 
14.04 267983 388151 425404 157007 267983 425404 388151 157007 6288 2154 6394 2709 6234 2159 41 0 6396 2152 0 0 0 0 
14.06 266730 387194 423448 157052 266730 423448 387194 157052 6340 2134 6178 2739 6105 2143 47 0 6176 2128 0 0 0 0 
14.08 264530 386701 423633 156474 264530 423633 386701 156474 6187 2169 5859 2515 6055 2230 46 0 5858 2161 0 0 0 0 
14.10 261743 386052 422004 155720 261743 422003 386052 155720 5814 2014 5667 2520 6007 2300 34 0 5664 2015 0 0 0 0 
14.16 254831 383217 418509 154336 254831 418509 383217 154336 5587 1972 5250 2348 5668 2069 39 0 5244 1970 0 0 0 0 
14.22 246826 379409 413498 152089 246826 413498 379408 152089 5389 1844 5005 2270 5260 1884 37 0 5000 1841 0 0 0 0 
14.28 237302 377353 409532 150222 237302 409532 377353 150222 4960 1759 4908 2073 4936 1782 41 0 4907 1755 0 0 0 0 
14.34 228669 374457 403443 148247 228669 403443 374457 148247 4668 1480 4424 1950 4543 1597 35 0 4420 1479 0 0 0 0 
14.40 221423 370836 400474 147278 221423 400474 370836 147278 4313 1457 4077 1748 4389 1612 30 0 4069 1458 0 0 0 0 
14.46 213529 367845 398833 145163 213529 398833 367845 145163 3959 1414 3832 1772 4098 1559 29 0 3830 1411 0 0 0 0 
14.52 205661 364260 392587 143481 205661 392587 364260 143481 3740 1287 3715 1592 3907 1364 32 0 3709 1284 0 0 0 0 
14.58 197048 361700 389246 141201 197048 389246 361700 141201 3456 1239 3345 1447 3443 1234 24 0 3344 1237 0 0 0 0 
14.64 189781 359748 384396 139899 189781 384396 359748 139899 3357 1159 3161 1350 3204 1270 34 0 3162 1156 0 0 0 0 
14.70 182123 356121 381903 138718 182123 381903 356121 138718 3074 987 2847 1271 2953 1082 26 0 2838 989 0 0 0 0 
14.76 174857 353552 376305 136632 174857 376305 353552 136632 2788 957 2701 1205 2695 1023 31 0 2691 958 0 0 0 0 
