A	B	C	D	E	F	G	H	AB	AD	BC	CD	EF	GH	DE	CF	FG	EH	ABCD	CDEF	EFGH	ABCDEFGH
0.00	156427	18428	60011	7474	156427	60011	18428	7474	8	2	3	0	9	0	4	0	2	2	0	0	0	0
4.00	156938	18392	62061	5876	156938	62061	18392	5876	9	1	3	1	18	1	1	0	3	1	0	0	0	0
8.00	155368	18772	63919	4154	155368	63919	18772	4154	6	2	4	0	27	0	2	0	3	2	0	0	0	0
12.00	156183	18782	64623	2934	156183	64622	18782	2934	2	1	5	0	19	0	0	0	5	1	0	0	0	0
16.00	156856	18711	65006	2040	156856	65006	18711	2040	6	0	3	0	20	0	0	0	2	0	0	0	0	0
20.00	158201	18551	64619	1692	158201	64619	18551	1692	3	0	0	0	21	0	1	0	0	1	0	0	0	0
24.00	159896	18923	63421	1953	159896	63421	18923	1953	12	1	5	2	13	0	1	0	6	1	0	0	0	0
28.00	162954	18762	61987	2627	162954	61987	18762	2627	0	2	4	1	16	0	2	0	4	2	0	0	0	0
32.00	162756	18603	59750	3884	162756	59750	18603	3884	5	0	1	1	24	0	0	0	1	0	0	0	0	0
36.00	164528	18829	57082	5789	164528	57082	18829	5789	5	1	2	0	24	1	1	0	2	2	0	0	0	0
40.00	165930	18329	54281	7865	165930	54281	18329	7865	9	4	2	1	18	0	3	0	2	4	0	0	0	0
44.00	165605	17939	50538	10764	165605	50538	17939	10764	6	7	2	2	14	0	6	0	1	8	0	0	0	0
48.00	167738	17758	47985	13294	167738	47985	17758	13294	3	3	1	1	22	1	6	0	1	3	0	0	0	0
52.00	167886	17125	45268	16339	167886	45268	17125	16339	8	7	0	0	13	1	8	0	0	7	0	0	0	0
56.00	168683	17065	42331	19402	168683	42331	17065	19402	4	9	0	2	18	0	13	0	0	9	0	0	0	0
60.00	167701	16240	40004	22304	167701	40004	16240	22304	5	6	1	2	10	1	7	0	2	5	0	0	0	0
64.00	166827	15624	37873	25340	166827	37873	15624	25340	2	12	1	2	15	0	5	0	1	12	0	0	0	0
68.00	166965	14766	36147	28112	166965	36147	14766	28112	10	10	0	2	17	0	11	0	0	10	0	0	0	0
72.00	166519	13968	35591	29945	166519	35591	13968	29945	10	12	0	2	6	2	7	0	0	11	0	0	0	0
76.00	166399	13108	34993	32049	166399	34993	13108	32049	6	13	1	4	12	0	10	0	1	13	0	0	0	0
80.00	166137	12626	34617	33151	166137	34617	12626	33151	4	6	1	5	14	0	7	0	1	7	0	0	0	0
84.00	166406	11795	34829	34026	166406	34829	11795	34026	4	12	1	3	14	1	14	0	1	11	0	0	0	0
88.00	165821	10809	35268	34360	165821	35268	10809	34360	3	19	1	3	7	2	11	0	1	18	0	0	0	0
92.00	165082	9850	36197	34530	165082	36197	9850	34530	6	12	0	1	17	0	8	0	0	11	0	0	0	0
96.00	165738	8803	36901	33213	165738	36901	8803	33213	3	10	0	1	10	1	12	0	0	9	0	0	0	0
100.00	167034	8043	38059	32254	167034	38059	8043	32254	6	13	0	7	13	0	6	0	0	14	0	0	0	0
104.00	169430	7228	39138	31098	169430	39138	7228	31098	0	13	1	4	11	0	7	0	1	11	0	0	0	0
108.00	169899	6505	39715	29143	169899	39715	6505	29143	2	11	0	0	14	0	6	0	1	12	0	0	0	0
112.00	172665	5666	40001	27351	172665	40001	5666	27351	3	11	1	3	9	0	9	0	1	17	0	0	0	0
116.00	175197	5162	41233	24822	175197	41233	5162	24822	5	9	1	1	19	0	9	0	1	10	0	0	0	0
120.00	176977	4949	42097	22492	176977	42097	4949	22492	0	6	1	0	9	0	4	0	1	6	0	0	0	0
124.00	176861	4810	42912	19911	176861	42912	4810	19911	0	7	0	2	13	0	4	0	0	8	0	0	0	0
128.00	178523	4784	43770	18030	178523	43770	4784	18030	1	3	2	4	18	0	1	0	2	3	0	0	0	0
132.00	178687	4851	45190	15663	178687	45190	4851	15663	2	4	1	1	20	0	6	0	0	3	0	0	0	0
136.00	181512	5356	46456	13970	181512	46456	5356	13970	3	7	0	0	20	0	12	0	0	7	0	0	0	0
140.00	180784	5840	47734	12067	180784	47734	5840	12067	1	3	0	4	13	0	5	0	0	3	0	0	0	0
144.00	179204	6479	48464	10744	179204	48464	6479	10744	1	7	0	0	18	0	8	0	0	6	0	0	0	0
148.00	175178	7295	49190	9416	175178	49190	7295	9416	8	1	2	1	12	0	1	0	2	1	0	0	0	0
152.00	168516	8418	50308	7978	168516	50308	8418	7978	4	2	1	2	16	0	2	0	1	2	0	0	0	0
156.00	172201	9677	52768	7007	172201	52768	9677	7007	4	3	2	1	18	0	4	0	2	3	0	0	0	0
160.00	172671	10804	55386	6261	172671	55386	10804	6261	4	2	3	0	23	0	2	0	2	2	0	0	0	0
164.00	170074	12057	57580	5621	170074	57580	12057	5621	2	0	4	3	16	0	3	0	4	0	0	0	0	0
168.00	167544	13268	59318	4963	167544	59318	13268	4963	5	0	5	0	15	0	2	0	4	0	0	0	0	0
172.00	165108	14503	61302	4386	165108	61302	14503	4386	2	1	1	0	17	0	0	0	1	1	0	0	0	0
176.00	161780	15559	63197	3938	161780	63197	15559	3938	8	1	4	1	18	1	1	0	2	2	0	0	0	0
180.00	159386	16399	64625	3641	159386	64625	16399	3641	8	1	5	0	19	0	1	0	4	1	0	0	0	0
184.00	157931	17519	66225	3165	157931	66225	17519	3165	7	1	2	0	26	0	1	0	2	1	0	0	0	0
188.00	156998	18250	67452	2820	156998	67452	18250	2820	7	1	1	0	24	0	0	0	3	1	0	0	0	0
192.00	156249	18581	67840	2525	156249	67840	18581	2525	5	1	5	0	25	0	1	0	5	0	0	0	0	0
196.00	154906	18751	68068	2245	154906	68068	18751	2245	9	1	4	0	18	0	0	0	3	1	0	0	0	0
200.00	154041	18672	67213	1965	154041	67213	18672	1965	1	0	3	0	16	0	0	0	3	0	0	0	0	0
204.00	156247	18323	67583	1810	156247	67583	18323	1810	10	1	3	0	30	0	0	0	3	1	0	0	0	0
208.00	158354	17553	67100	1652	158354	67100	17553	1652	5	0	2	0	22	0	0	0	2	0	0	0	0	0
212.00	159167	16643	65812	1723	159167	65812	16643	1723	6	0	0	1	14	0	0	0	0	0	0	0	0	0
216.00	162855	15609	64550	1955	162855	64550	15609	1955	2	0	2	0	28	0	0	0	1	0	0	0	0	0
220.00	164506	14456	62878	2375	164506	62878	14456	2375	3	0	1	0	20	0	1	0	1	0	0	0	0	0
224.00	167196	13199	61640	2819	167196	61640	13199	2819	7	0	0	0	15	0	0	0	1	0	0	0	0	0
228.00	168603	12209	60100	3864	168603	60100	12209	3864	2	0	1	0	18	0	2	0	0	0	0	0	0	0
232.00	169304	10656	58768	4505	169304	58768	10656	4505	5	0	1	3	16	0	0	0	2	0	0	0	0	0
236.00	168341	9508	56657	6064	168341	56657	9508	6064	2	2	1	0	20	0	2	0	1	2	0	0	0	0
240.00	171014	8163	55866	7274	171014	55866	8163	7274	2	2	0	1	24	0	5	0	0	3	0	0	0	0
244.00	171461	7337	54566	8945	171461	54566	7337	8945	5	3	0	0	30	0	5	0	0	2	0	0	0	0
248.00	171942	6371	53422	10820	171942	53422	6371	10820	5	4	0	1	15	0	2	0	0	4	0	0	0	0
252.00	170581	5887	52962	12446	170581	52962	5887	12446	1	3	0	0	21	1	2	0	0	3	0	0	0	0
256.00	168481	5202	51806	14630	168481	51806	5202	14630	3	5	0	2	21	0	5	0	0	5	0	0	0	0
260.00	167518	4924	50717	16687	167518	50717	4924	16687	3	3	0	3	18	0	1	0	0	3	0	0	0	0
264.00	166858	4790	49652	18412	166858	49652	4790	18412	1	7	0	1	22	0	8	0	0	4	0	0	0	0
268.00	165878	4989	48324	20146	165877	48324	4989	20146	1	6	0	4	9	0	10	0	0	6	0	0	0	0
272.00	165394	4995	47504	20893	165394	47504	4995	20893	2	5	0	4	14	0	5	0	0	5	0	0	0	0
276.00	165825	5517	46549	22842	165825	46549	5517	22842	2	3	0	3	11	0	8	0	0	4	0	0	0	0
280.00	165682	6012	45159	23077	165682	45159	6012	23077	3	8	0	3	18	0	9	0	1	10	0	0	0	0
284.00	165881	6441	43387	23931	165881	43387	6441	23931	0	10	0	2	22	0	12	0	0	11	0	0	0	0
288.00	167732	7432	41353	24904	167732	41353	7432	24904	0	9	0	2	12	0	11	0	0	8	0	0	0	0
292.00	167308	8032	39514	25773	167308	39514	8032	25773	6	8	2	1	14	0	11	0	2	7	0	0	0	0
296.00	167576	8938	37488	25751	167576	37488	8938	25751	3	9	0	3	7	0	7	0	0	9	0	0	0	0
300.00	169672	9891	35584	26234	169672	35584	9891	26234	4	7	0	1	13	0	5	0	0	8	0	0	0	0
304.00	170032	10637	34211	26089	170032	34211	10637	26089	7	14	2	3	12	1	9	0	2	14	0	0	0	0
308.00	168994	11666	32201	25996	168994	32201	11666	25996	5	5	0	4	13	0	7	0	0	7	0	0	0	0
312.00	159349	12469	30099	25481	159349	30099	12469	25481	4	15	1	0	10	1	13	0	1	13	0	0	0	0
316.00	167900	13312	30591	25553	167900	30591	13312	25553	6	3	0	0	11	0	3	0	0	4	0	0	0	0
320.00	171608	14240	31418	25603	171608	31418	14240	25603	4	6	1	2	9	0	3	0	1	6	0	0	0	0
324.00	171214	14839	32567	24081	171214	32567	14839	24081	8	7	0	3	9	3	10	0	0	7	0	0	0	0
328.00	171561	15308	33812	23319	171561	33812	15308	23319	8	6	0	3	11	1	3	0	0	6	0	0	0	0
332.00	167095	15953	35586	21439	167095	35586	15953	21439	3	8	1	1	13	0	8	0	1	7	0	0	0	0
336.00	167326	16453	38523	20543	167326	38523	16453	20543	6	8	0	3	13	0	4	0	0	8	0	0	0	0
340.00	164230	16971	41476	18688	164230	41476	16971	18688	6	10	1	1	10	1	4	0	1	10	0	0	0	0
344.00	162552	17304	44338	17061	162552	44338	17304	17061	11	3	1	1	19	1	6	0	0	3	0	0	0	0
348.00	160220	17472	48751	14245	160220	48751	17472	14245	5	5	1	3	16	0	2	0	2	5	0	0	0	0
352.00	159881	17963	52243	12314	159881	52243	17963	12314	8	5	2	4	22	1	6	0	2	4	0	0	0	0
356.00	158816	17687	56164	9669	158816	56164	17687	9669	6	1	2	1	22	0	2	0	2	1	0	0	0	0
360.00	157167	18465	58452	8158	157167	58452	18465	8158	6	1	3	0	15	1	5	0	3	0	0	0	0	0
