0.00 3263 148364 30392 5657 3263 30392 148364 5657 0 0 11 0 0 4 0 0 11 0 0 0 0 0 
4.00 2959 148289 31771 4527 2959 31771 148289 4527 1 0 8 0 0 2 0 0 7 0 0 0 0 0 
8.00 3108 148984 33012 3723 3108 33012 148984 3723 0 0 6 0 0 0 0 0 6 0 0 0 0 0 
12.00 3450 148860 33404 3403 3450 33404 148860 3403 1 0 9 0 0 2 0 0 9 0 0 0 0 0 
16.00 3990 148019 32705 3509 3990 32705 148019 3509 0 1 14 0 3 1 1 0 14 1 0 0 0 0 
20.00 5077 147342 31581 4067 5077 31581 147342 4067 3 0 10 0 1 0 0 0 10 0 0 0 0 0 
24.00 5749 147185 30421 5430 5749 30421 147185 5430 0 0 7 1 1 0 0 0 7 0 0 0 0 0 
28.00 7316 145674 27770 6989 7316 27770 145674 6989 3 0 5 0 0 1 0 0 5 0 0 0 0 0 
32.00 8700 143646 25348 9107 8700 25348 143646 9107 3 0 11 0 3 1 0 0 12 0 0 0 0 0 
36.00 11044 141585 22687 11419 11044 22687 141585 11419 3 0 2 1 1 3 0 0 2 0 0 0 0 0 
40.00 13102 137564 19896 13955 13102 19896 137564 13955 4 0 6 1 0 3 0 0 6 0 0 0 0 0 
44.00 15713 135758 16762 16566 15713 16762 135758 16566 7 2 6 1 1 6 0 0 6 1 0 0 0 0 
48.00 18507 132162 14207 18945 18507 14207 132162 18945 7 2 6 1 0 5 2 0 7 2 0 0 0 0 
52.00 22357 127416 11557 21290 22357 11557 127416 21290 2 1 3 1 2 6 2 0 4 0 0 0 0 0 
56.00 26091 122569 9171 23586 26091 9171 122569 23586 6 0 0 1 0 4 2 0 0 0 0 0 0 0 
60.00 29746 118950 7361 25974 29746 7361 118950 25974 9 3 3 2 1 10 1 0 3 3 0 0 0 0 
64.00 34776 112280 5955 27251 34776 5955 112280 27251 7 2 1 0 0 11 2 0 0 2 0 0 0 0 
68.00 40380 104151 4714 29019 40380 4714 104151 29019 5 4 2 0 0 6 0 0 2 4 0 0 0 0 
72.00 46075 95520 4056 29884 46075 4056 95520 29884 6 5 0 0 0 5 4 0 0 5 0 0 0 0 
76.00 51908 87616 3796 30787 51908 3796 87616 30787 8 4 1 0 0 5 8 0 1 6 0 0 0 0 
80.00 57548 81046 3929 31283 57548 3929 81046 31283 9 5 1 0 2 4 5 0 1 5 0 0 0 0 
84.00 64416 71290 4287 31142 64416 4287 71290 31142 4 2 1 0 1 3 4 0 1 2 0 0 0 0 
88.00 71197 62596 5201 31041 71197 5201 62596 31041 9 5 0 0 0 3 3 0 0 5 0 0 0 0 
92.00 77117 54499 6329 29931 77117 6329 54499 29931 9 3 1 1 4 3 0 0 1 3 0 0 0 0 
96.00 86401 43364 7614 29389 86401 7614 43364 29389 5 6 0 2 2 0 5 0 0 7 0 0 0 0 
100.00 92948 34875 9140 28049 92948 9140 34875 28049 6 7 2 0 0 3 7 0 1 6 0 0 0 0 
104.00 97662 27638 10802 26400 97662 10802 27638 26400 7 6 0 0 2 3 4 0 0 8 0 0 0 0 
108.00 104563 19165 12359 24940 104563 12359 19165 24940 5 6 0 0 1 1 6 0 0 6 0 0 0 0 
112.00 111650 11875 13788 23636 111650 13788 11875 23636 3 9 1 0 1 1 4 0 1 9 0 0 0 0 
116.00 115495 6926 15423 22106 115495 15423 6926 22106 1 10 1 2 6 1 5 0 1 9 0 0 0 0 
120.00 117763 3773 17495 19928 117763 17495 3773 19928 0 4 0 2 4 0 3 0 0 4 0 0 0 0 
124.00 119019 2016 19236 18012 119019 19236 2016 18012 0 5 1 1 8 0 2 0 1 5 0 0 0 0 
128.00 117770 2337 21079 16135 117770 21079 2337 16135 0 3 0 1 3 0 5 0 0 3 0 0 0 0 
132.00 116993 4459 22604 14362 116993 22604 4459 14362 1 4 0 0 3 0 3 0 0 4 0 0 0 0 
136.00 113844 8943 24131 12785 113844 24131 8943 12785 0 5 1 0 5 0 4 0 1 5 0 0 0 0 
140.00 107637 16430 25395 11474 107637 25395 16430 11474 2 1 2 1 5 0 2 0 3 1 0 0 0 0 
144.00 102349 24366 26779 9809 102349 26779 24366 9809 5 0 1 0 8 1 2 0 1 0 0 0 0 0 
148.00 94814 33932 28296 8586 94814 28296 33932 8586 6 2 4 0 10 0 1 0 3 3 0 0 0 0 
152.00 82688 47395 28926 7613 82688 28926 47395 7613 9 0 2 0 9 3 2 0 2 0 0 0 0 0 
156.00 73944 59822 29681 6631 73944 29681 59822 6631 6 1 2 0 5 2 1 0 2 1 0 0 0 0 
160.00 64199 73318 31202 5757 64199 31202 73318 5757 9 2 4 1 9 0 1 0 4 2 0 0 0 0 
164.00 53159 87496 31919 4967 53159 31919 87496 4967 10 1 7 0 4 1 1 0 8 1 0 0 0 0 
168.00 40733 103639 32256 4583 40733 32256 103639 4583 9 0 1 1 2 1 0 0 3 0 0 0 0 0 
172.00 30511 116835 32835 4111 30511 32835 116835 4111 8 0 7 0 2 1 0 0 6 0 0 0 0 0 
176.00 21972 127165 33226 3720 21972 33226 127165 3720 6 0 7 0 1 0 0 0 7 0 0 0 0 0 
180.00 14329 137324 33195 3647 14329 33195 137324 3647 4 0 13 0 2 2 0 0 12 0 0 0 0 0 
184.00 8198 144835 32956 3414 8198 32956 144835 3414 2 0 9 0 0 2 0 0 8 0 0 0 0 0 
188.00 4478 149446 32971 3302 4478 32971 149446 3302 2 0 12 0 0 2 0 0 11 0 0 0 0 0 
192.00 3323 151062 32775 3352 3323 32775 151062 3352 0 0 11 0 0 1 0 0 8 0 0 0 0 0 
196.00 4764 145962 32433 3376 4764 32433 145962 3376 1 0 9 0 0 1 0 0 10 0 0 0 0 0 
200.00 9038 143397 32456 3547 9038 32456 143397 3547 3 0 12 0 0 1 0 0 11 0 0 0 0 0 
204.00 15737 135430 31985 3752 15737 31985 135430 3752 5 0 14 0 4 1 0 0 13 0 0 0 0 0 
208.00 24248 125025 32135 3877 24248 32135 125025 3877 7 0 6 0 0 1 0 0 7 0 0 0 0 0 
212.00 32729 113163 31260 4455 32729 31260 113163 4455 6 2 7 1 2 0 0 0 7 2 0 0 0 0 
216.00 43673 99606 30693 4881 43673 30693 99606 4881 8 0 7 1 2 0 0 0 6 0 0 0 0 0 
220.00 55585 85106 29974 5653 55585 29974 85106 5653 9 1 2 0 2 0 1 0 2 1 0 0 0 0 
224.00 66618 70826 29154 6348 66618 29154 70826 6348 5 1 6 0 6 1 1 0 7 1 0 0 0 0 
228.00 77935 56045 28338 7273 77935 28338 56045 7273 9 0 7 0 3 1 1 0 6 0 0 0 0 0 
232.00 88601 42705 27372 8228 88601 27372 42705 8228 9 1 1 0 7 0 0 0 2 1 0 0 0 0 
236.00 96702 29978 26507 9460 96702 26507 29978 9460 10 5 1 0 7 0 1 0 1 5 0 0 0 0 
240.00 105172 19089 25921 10421 105172 25921 19089 10421 9 1 0 0 8 0 2 0 0 3 0 0 0 0 
244.00 111962 11468 25058 11883 111962 25058 11468 11883 1 3 1 1 6 0 5 0 1 3 0 0 0 0 
248.00 114813 5959 23671 13455 114813 23671 5959 13455 1 3 0 0 11 0 3 0 0 3 0 0 0 0 
252.00 116308 3123 22088 15409 116308 22088 3123 15409 2 5 0 0 5 0 3 0 0 4 0 0 0 0 
256.00 117499 2003 20418 17424 117499 20418 2003 17424 0 3 1 0 3 0 5 0 1 4 0 0 0 0 
260.00 116844 2772 19120 19231 116844 19120 2772 19231 0 1 0 0 8 0 3 0 0 1 0 0 0 0 
264.00 113716 5726 17384 20776 113716 17384 5726 20776 0 3 0 0 4 0 5 0 0 2 0 0 0 0 
268.00 110463 10359 16076 22304 110463 16076 10359 22304 5 9 0 1 5 1 8 0 0 9 0 0 0 0 
272.00 105419 15905 14155 24021 105419 14155 15905 24021 1 9 0 2 1 1 8 0 0 8 0 0 0 0 
276.00 98557 25103 12920 25284 98557 12920 25103 25284 4 5 2 1 1 1 4 0 2 5 0 0 0 0 
280.00 90380 34991 11655 26040 90380 11655 34991 26040 3 0 2 0 2 1 4 0 2 0 0 0 0 0 
284.00 82627 44027 9727 27400 82627 9727 44027 27400 6 2 0 0 2 0 7 0 0 2 0 0 0 0 
288.00 75929 53443 8413 28477 75929 8413 53443 28477 7 8 0 0 0 4 2 0 0 8 0 0 0 0 
292.00 69349 62615 6932 29042 69349 6932 62615 29042 7 6 2 0 1 6 7 0 2 5 0 0 0 0 
296.00 61143 72741 5886 29135 61143 5886 72741 29135 11 4 4 1 1 5 3 0 2 5 0 0 0 0 
300.00 53766 84248 4939 30291 53766 4939 84248 30291 9 0 0 0 0 7 1 0 0 0 0 0 0 0 
304.00 48816 91760 4370 30117 48816 4370 91760 30117 8 3 1 0 0 5 5 0 0 2 0 0 0 0 
308.00 41163 101546 4132 29679 41163 4132 101546 29679 11 4 2 1 0 7 5 0 2 3 0 0 0 0 
312.00 34465 108358 4630 28622 34465 4630 108358 28622 14 3 1 0 0 6 3 0 1 3 0 0 0 0 
316.00 29476 114167 5219 27267 29476 5219 114167 27267 6 0 0 0 0 8 2 0 0 0 0 0 0 0 
320.00 25143 121412 6013 26581 25143 6013 121412 26581 6 3 4 1 0 7 3 0 4 3 0 0 0 0 
324.00 20323 127733 7351 25064 20323 7351 127733 25064 6 1 1 2 0 7 1 0 1 1 0 0 0 0 
328.00 16920 132271 9424 23213 16920 9424 132271 23213 4 0 2 1 1 5 1 0 2 0 0 0 0 0 
332.00 13482 135725 11759 21496 13482 11759 135725 21496 3 1 2 2 0 6 1 0 1 0 0 0 0 0 
336.00 11120 139082 14117 19205 11120 14117 139082 19205 6 0 6 1 0 7 3 0 7 1 0 0 0 0 
340.00 8977 140285 16845 16865 8977 16845 140285 16865 5 1 6 3 1 11 0 0 5 1 0 0 0 0 
344.00 6764 142173 20082 14262 6763 20082 142173 14262 2 1 4 0 3 3 0 0 4 1 0 0 0 0 
348.00 5817 144789 23255 11818 5817 23255 144789 11818 3 0 8 0 0 1 0 0 7 0 0 0 0 0 
352.00 4543 144043 25518 9562 4543 25518 144043 9562 0 0 7 0 0 2 0 0 6 0 0 0 0 0 
356.00 3689 145642 27700 7523 3689 27700 145642 7523 1 0 11 0 0 2 0 0 12 0 0 0 0 0 
360.00 3271 145298 30216 5839 3271 30216 145298 5839 0 0 5 2 1 3 0 0 2 0 0 0 0 0 
