12.96 156730 471509 363698 15427 156730 363698 471509 15427 5351 51 14754 101 1124 552 9 157 14813 49 0 0 0 0 
13.02 157658 480362 364475 15144 157658 364475 480362 15144 5476 44 15252 25 1039 464 2 0 15245 43 0 0 0 0 
13.08 157848 494277 363683 14917 157848 363683 494277 14917 5713 45 15463 16 1063 465 2 0 15466 45 0 0 0 0 
13.14 158854 507279 363105 14878 158854 363105 507279 14878 5841 39 15984 15 1112 471 1 0 15974 39 0 0 0 0 
13.20 159564 522871 363584 15248 159564 363584 522871 15248 6137 27 16614 15 1123 493 1 0 16612 27 0 0 0 0 
13.26 160768 535646 364522 14818 160768 364522 535646 14818 6326 37 16980 20 1183 528 0 0 16975 37 0 0 0 0 
13.32 161290 546055 365371 14679 161290 365371 546055 14679 6368 38 17541 21 1272 509 5 0 17538 38 0 0 0 0 
13.38 161946 557480 364430 14766 161946 364430 557480 14766 6471 44 17955 18 1227 549 7 0 17950 44 0 0 0 0 
13.44 162637 565071 365142 14762 162637 365142 565071 14762 6584 31 17960 27 1337 562 1 0 17958 31 0 0 0 0 
13.50 162891 569891 364769 14781 162891 364769 569891 14781 6657 33 18441 18 1258 544 3 0 18436 33 0 0 0 0 
13.56 162754 575597 366476 14462 162754 366476 575597 14462 6786 25 18609 26 1308 545 2 0 18614 25 0 0 0 0 
13.62 163866 578905 365072 14475 163866 365072 578905 14475 6839 37 18356 29 1277 598 1 0 18343 37 0 0 0 0 
13.64 162644 578465 365450 14429 162644 365450 578465 14429 6876 42 18510 22 1216 558 3 0 18500 42 0 0 0 0 
13.66 162743 581295 366020 14729 162743 366020 581295 14729 6824 32 18373 21 1331 560 1 0 18373 32 0 0 0 0 
13.68 163274 582653 364959 14295 163274 364959 582653 14295 6783 35 18450 22 1241 571 2 0 18450 35 0 0 0 0 
13.70 163448 579431 366360 14241 163448 366360 579431 14241 6474 54 18161 20 1379 535 2 0 18155 54 0 0 0 0 
13.72 163822 579464 365415 14458 163822 365415 579464 14458 6441 38 18411 27 1389 559 4 0 18403 39 0 0 0 0 
13.74 163168 580434 366793 14307 163168 366793 580434 14307 6033 30 17742 21 1597 582 3 0 17741 30 0 0 0 0 
13.76 163042 578860 364970 14304 163042 364970 578860 14304 5653 40 17431 15 1647 552 1 0 17421 40 0 0 0 0 
13.78 163551 579963 364866 14218 163551 364866 579963 14218 5429 39 17156 20 1659 568 2 0 17142 40 0 0 0 0 
13.80 162178 577831 364104 14608 162178 364104 577831 14608 5289 51 16814 28 1748 546 1 0 16810 51 0 0 0 0 
13.82 161985 576355 364808 14028 161985 364808 576355 14028 4936 37 16822 22 1771 569 3 0 16819 38 0 0 0 0 
13.84 161660 577396 364942 14336 161660 364942 577396 14336 4974 29 16928 19 1820 570 4 0 16927 29 0 0 0 0 
13.86 160947 573496 365367 14253 160947 365367 573496 14253 5009 46 16861 26 1755 547 1 0 16867 46 0 0 0 0 
13.88 162058 576718 364591 14357 162058 364591 576718 14357 5329 51 16487 25 1698 517 1 0 16481 51 0 0 0 0 
13.90 162426 574838 365198 14398 162426 365198 574838 14398 5544 45 16891 23 1582 533 4 0 16881 47 0 0 0 0 
13.92 161339 573201 364918 14281 161339 364918 573201 14281 5780 37 16973 14 1490 509 5 0 16968 36 0 0 0 0 
13.94 162013 569044 364155 14218 162012 364155 569044 14218 6042 50 16850 33 1382 568 3 0 16850 51 0 0 0 0 
13.96 161876 569066 365395 14263 161876 365395 569066 14263 6070 35 17100 15 1267 549 2 0 17094 35 0 0 0 0 
13.98 161378 566461 365661 14187 161378 365661 566461 14187 6350 31 17281 25 1217 524 2 0 17265 31 0 0 0 0 
14.00 161218 564032 366089 14494 161218 366089 564032 14494 6391 36 17055 22 1176 520 4 0 17047 38 0 0 0 0 
14.02 161991 562569 365581 14488 161991 365581 562569 14488 6323 28 17228 13 1111 556 5 0 17219 29 0 0 0 0 
14.04 160793 556553 365433 14336 160793 365433 556553 14336 6066 35 16849 16 1166 511 4 0 16839 35 0 0 0 0 
14.06 159788 552659 364216 14328 159788 364216 552659 14328 5937 46 16447 17 1089 546 0 0 16433 46 0 0 0 0 
14.08 159660 547732 365360 14411 159660 365360 547732 14411 6021 39 16382 14 1066 509 2 0 16375 39 0 0 0 0 
14.10 159561 543807 365466 14506 159561 365466 543807 14506 5895 33 16086 22 1122 533 1 0 16084 33 0 0 0 0 
14.16 158442 525424 364981 14397 158442 364981 525424 14397 5333 27 14849 25 1104 507 4 0 14844 28 0 0 0 0 
14.22 157793 504274 363994 14458 157793 363994 504274 14458 4983 29 13878 21 973 430 2 0 13891 30 0 0 0 0 
14.28 156035 486285 364292 14282 156035 364292 486285 14282 4668 20 13048 12 949 359 1 0 13038 21 0 0 0 0 
14.34 155849 467104 364519 14348 155849 364519 467104 14348 4380 34 11940 17 917 388 5 0 11941 34 0 0 0 0 
14.40 154361 447060 364004 14187 154361 364004 447060 14187 4058 25 11522 11 827 372 5 0 11514 26 0 0 0 0 
14.46 153019 435071 362954 14241 153019 362954 435071 14241 3887 20 10553 14 767 344 1 0 10548 20 0 0 0 0 
14.52 152598 419443 363429 14392 152598 363429 419443 14392 3723 24 10068 10 698 320 4 0 10062 23 0 0 0 0 
14.58 151472 402315 364351 14144 151472 364351 402315 14144 3345 18 9348 15 659 289 4 0 9345 18 0 0 0 0 
14.64 149580 384128 363121 14151 149580 363121 384128 14151 3150 24 8460 14 602 244 0 0 8462 25 0 0 0 0 
14.70 149141 369794 361567 14226 149141 361567 369794 14226 2873 19 8035 12 526 240 0 0 8032 19 0 0 0 0 
14.76 148863 354030 361761 13939 148863 361761 354030 13939 2694 25 7363 13 539 243 3 0 7361 24 0 0 0 0 
