0.00 11501 215581 96621 25737 11501 96621 215581 25737 8 1 48 7 0 10 0 0 45 2 0 0 0 0 
4.00 13548 212529 102268 19616 13548 102268 212529 19616 2 0 40 5 3 10 0 0 42 0 0 0 0 0 
8.00 15307 209333 108869 13696 15307 108869 209333 13696 7 0 44 1 3 6 0 0 42 0 0 0 0 0 
12.00 19615 204616 111595 11043 19615 111595 204616 11043 11 0 43 3 6 3 1 0 43 0 0 0 0 0 
16.00 21974 201554 113137 8681 21974 113137 201554 8681 9 1 44 2 6 3 2 0 45 1 0 0 0 0 
20.00 24754 199530 112492 8990 24754 112492 199530 8990 9 0 33 2 4 3 0 0 33 0 0 0 0 0 
24.00 32214 191778 110255 10997 32214 110255 191778 10997 16 0 38 3 10 5 1 0 40 0 0 0 0 0 
28.00 36811 186948 105412 15662 36811 105412 186948 15661 14 1 37 3 9 6 2 0 34 1 0 0 0 0 
32.00 39382 184093 97648 22403 39382 97648 184093 22403 13 3 48 5 11 11 2 0 46 2 0 0 0 0 
36.00 44232 177675 89687 29426 44232 89687 177675 29426 9 4 34 9 5 6 3 0 30 3 0 0 0 0 
40.00 50192 171757 80352 38143 50192 80352 171757 38143 23 4 26 5 9 14 7 0 27 4 0 0 0 0 
44.00 59017 161192 71627 46324 59017 71627 161192 46324 20 2 19 4 9 13 5 0 17 2 0 0 0 0 
48.00 66799 151316 61875 55559 66799 61875 151316 55559 21 11 14 6 9 18 14 0 12 11 0 0 0 0 
52.00 70449 147515 50460 66799 70449 50460 147515 66799 18 13 9 6 9 26 8 0 11 13 0 0 0 0 
56.00 80543 135802 41489 76091 80543 41489 135802 76091 22 10 18 8 7 23 11 0 19 11 0 0 0 0 
60.00 92677 121617 35510 82800 92677 35510 121617 82800 34 14 11 9 9 16 12 0 10 13 0 0 0 0 
64.00 103524 108681 28653 90309 103524 28653 108681 90309 29 20 6 5 9 12 15 0 6 21 0 0 0 0 
68.00 110734 99703 21309 98063 110734 21309 99703 98063 31 23 3 4 2 17 26 0 3 22 0 0 0 0 
72.00 119965 87383 16604 103323 119965 16604 87383 103323 22 29 1 1 0 22 25 0 0 26 0 0 0 0 
76.00 130942 74812 13442 108662 130942 13442 74812 108662 26 22 3 2 3 13 23 0 2 21 0 0 0 0 
80.00 137635 65783 10330 111595 137635 10330 65783 111595 24 37 1 3 5 13 44 0 1 35 0 0 0 0 
84.00 146757 54250 9438 113485 146757 9438 54250 113485 13 33 1 1 4 16 32 0 1 36 0 0 0 0 
88.00 155305 43441 9993 114197 155305 9993 43441 114197 17 50 3 4 2 13 37 0 3 46 0 0 0 0 
92.00 166778 28976 10829 113677 166778 10829 28976 113677 7 40 1 2 6 7 39 0 1 42 0 0 0 0 
96.00 171666 24051 14191 111094 171666 14191 24051 111094 6 41 2 4 4 2 38 0 2 43 0 0 0 0 
100.00 180985 13821 16953 108488 180985 16953 13821 108488 1 47 0 4 6 3 38 0 0 45 0 0 0 0 
104.00 187884 6843 19625 106230 187884 19625 6843 106230 2 34 0 4 10 1 33 0 0 38 0 0 0 0 
108.00 183544 3701 24822 99395 183544 24822 3701 99395 1 29 0 3 9 1 43 0 0 32 0 0 0 0 
112.00 186938 3322 30636 93255 186938 30636 3322 93255 2 36 0 9 14 0 30 0 0 36 0 0 0 0 
116.00 189132 5173 35751 89180 189132 35751 5173 89180 4 27 0 6 11 0 36 0 0 29 0 0 0 0 
120.00 186176 9587 41675 83253 186176 41675 9587 83253 5 28 0 5 26 1 32 0 0 24 0 0 0 0 
124.00 179865 17723 46485 77172 179865 46485 17723 77172 9 26 2 9 18 0 35 0 3 27 0 0 0 0 
128.00 173908 26296 53259 69266 173908 53259 26296 69266 9 22 5 15 26 3 23 0 5 23 0 0 0 0 
132.00 164886 36148 61445 61897 164886 61445 36148 61897 12 22 7 12 21 3 23 0 7 21 0 0 0 0 
136.00 151959 51122 65608 56288 151959 65608 51122 56288 16 15 6 8 24 5 20 0 5 15 0 0 0 0 
140.00 140502 65837 71943 49468 140502 71943 65837 49468 10 8 9 6 20 8 5 0 9 10 0 0 0 0 
144.00 124492 86244 76466 44104 124492 76466 86244 44104 14 13 14 8 19 8 15 0 15 13 0 0 0 0 
148.00 102428 111792 78930 41789 102428 78930 111792 41789 27 7 21 5 16 9 10 0 23 5 0 0 0 0 
152.00 88060 128668 84443 36034 88060 84443 128668 36034 21 10 34 3 14 5 5 0 33 8 0 0 0 0 
156.00 69394 146713 88563 31530 69394 88563 146713 31530 13 6 31 6 14 9 6 0 26 4 0 0 0 0 
160.00 54251 166795 91817 28173 54251 91817 166795 28173 12 3 40 4 7 6 1 0 42 3 0 0 0 0 
164.00 43890 179236 98212 22379 43890 98212 179236 22379 19 5 49 5 8 8 1 0 49 4 0 0 0 0 
168.00 32024 191088 101476 19332 32024 101476 191088 19332 8 2 45 4 7 5 1 0 44 2 0 0 0 0 
172.00 19788 206911 103381 17696 19788 103381 206911 17696 11 2 38 4 6 6 1 0 36 2 0 0 0 0 
176.00 13045 213275 106700 14584 13045 106700 213275 14584 5 0 55 1 4 9 0 0 50 0 0 0 0 0 
180.00 8658 218606 108210 13240 8658 108210 218606 13240 6 0 55 4 3 6 0 0 52 0 0 0 0 0 
184.00 7931 218419 109485 11876 7931 109485 218419 11876 3 0 54 1 3 5 0 0 53 0 0 0 0 0 
188.00 9983 218252 112358 9836 9983 112358 218252 9836 6 0 54 0 1 2 0 0 57 0 0 0 0 0 
192.00 16116 208142 112943 9317 16116 112943 208142 9317 8 1 52 0 3 6 0 0 58 1 0 0 0 0 
196.00 28069 194701 112681 9329 28069 112681 194701 9329 8 0 43 1 4 4 0 0 43 0 0 0 0 0 
200.00 39783 181808 113666 8936 39783 113666 181808 8936 13 0 46 1 5 3 1 0 47 0 0 0 0 0 
204.00 57397 160647 113971 8922 57397 113971 160647 8922 24 0 37 2 8 4 0 0 35 0 0 0 0 0 
208.00 71317 144114 113794 9130 71317 113794 144114 9130 24 1 30 1 18 5 2 0 24 1 0 0 0 0 
212.00 88746 123788 112719 10038 88746 112719 123788 10038 25 3 29 1 14 2 3 0 26 3 0 0 0 0 
216.00 107485 102019 112287 11097 107485 112287 102019 11097 24 2 27 1 17 1 2 0 26 1 0 0 0 0 
220.00 125044 81323 110809 12516 125044 110809 81323 12516 21 2 21 4 32 2 2 0 20 3 0 0 0 0 
224.00 141936 63726 108980 14421 141936 108980 63726 14421 22 9 11 7 28 3 6 0 8 10 0 0 0 0 
228.00 156139 45384 107111 17009 156139 107111 45384 17009 15 3 9 2 26 0 3 0 10 3 0 0 0 0 
232.00 166999 32051 104286 19948 166999 104286 32051 19948 8 8 8 4 31 1 8 0 9 8 0 0 0 0 
236.00 176424 20126 100968 24175 176424 100968 20126 24175 3 5 5 7 27 1 5 0 4 5 0 0 0 0 
240.00 185659 10824 98697 26859 185659 98697 10824 26859 5 4 1 6 31 0 8 0 1 5 0 0 0 0 
244.00 189427 4968 96819 29637 189427 96819 4968 29637 1 15 2 6 29 1 16 0 2 14 0 0 0 0 
248.00 190558 3653 89756 36651 190558 89756 3653 36651 2 12 0 4 32 0 15 0 0 11 0 0 0 0 
252.00 188585 5228 85934 41202 188585 85934 5228 41202 0 24 0 7 24 0 18 0 0 26 0 0 0 0 
256.00 183301 10516 81692 46122 183301 81692 10516 46122 1 19 0 6 31 2 19 0 0 18 0 0 0 0 
260.00 177236 16805 75538 52467 177236 75538 16805 52467 9 14 1 8 16 1 17 0 1 16 0 0 0 0 
264.00 169861 24926 68133 59703 169861 68133 24926 59703 11 17 4 6 22 2 25 0 5 18 0 0 0 0 
268.00 159934 36557 62431 64771 159934 62431 36557 64771 12 12 2 10 23 8 25 0 2 11 0 0 0 0 
272.00 148827 49795 55594 70983 148827 55594 49795 70983 13 24 8 5 14 5 25 0 9 23 0 0 0 0 
276.00 134135 66322 51016 75218 134135 51016 66322 75218 17 23 3 11 14 10 23 0 2 23 0 0 0 0 
280.00 124114 79090 42550 82333 124114 42550 79090 82333 24 18 10 10 11 10 24 0 10 17 0 0 0 0 
284.00 108430 98017 37811 86276 108430 37811 98017 86276 24 14 6 5 9 21 17 0 6 13 0 0 0 0 
288.00 97701 112536 31076 90441 97701 31076 112536 90441 28 27 8 6 8 27 23 0 10 21 0 0 0 0 
292.00 88167 124679 24180 96696 88167 24180 124679 96696 27 15 7 3 4 22 19 0 8 14 0 0 0 0 
296.00 71469 143946 20581 98105 71469 20581 143946 98105 37 14 10 7 4 35 10 0 10 17 0 0 0 0 
300.00 60342 157625 16393 100778 60342 16393 157625 100778 20 16 7 4 1 34 12 0 7 17 0 0 0 0 
304.00 50203 167141 12880 102970 50203 12880 167141 102970 23 12 5 3 1 41 8 0 6 10 0 0 0 0 
308.00 42275 180616 10490 104298 42275 10490 180616 104298 12 6 4 5 0 40 10 0 4 7 0 0 0 0 
312.00 35030 188974 9633 103595 35030 9633 188974 103595 9 6 7 2 0 39 10 0 6 6 0 0 0 0 
316.00 27246 199977 10175 102550 27246 10175 199977 102550 10 5 5 1 0 46 4 0 4 6 0 0 0 0 
320.00 21566 207156 11925 100348 21566 11925 207156 100348 15 4 5 1 0 54 2 0 6 5 0 0 0 0 
324.00 17950 212427 15833 96801 17950 15833 212427 96801 8 4 4 8 0 43 5 0 3 3 0 0 0 0 
328.00 13676 215488 20444 92149 13676 20444 215488 92149 7 1 7 6 1 48 3 0 6 1 0 0 0 0 
332.00 11661 216838 27819 84799 11661 27819 216838 84799 5 4 8 2 0 34 1 0 8 4 0 0 0 0 
336.00 10428 217777 37381 76295 10428 37380 217777 76295 5 2 14 7 3 33 2 0 13 1 0 0 0 0 
340.00 7542 211776 46022 67597 7542 46022 211776 67597 2 2 21 3 1 26 2 0 20 1 0 0 0 0 
344.00 7499 215081 55525 59785 7499 55525 215081 59785 3 0 30 8 0 25 2 0 26 0 0 0 0 0 
348.00 7974 217727 66357 51122 7974 66357 217727 51122 4 1 30 7 1 17 0 0 29 0 0 0 0 0 
352.00 8298 216584 75784 42357 8298 75784 216584 42357 3 0 36 4 2 22 0 0 32 0 0 0 0 0 
356.00 9600 214813 86138 33658 9600 86138 214813 33658 3 0 37 6 3 21 1 0 41 1 0 0 0 0 
360.00 10622 212500 94920 25939 10622 94920 212500 25939 3 0 46 8 3 12 0 0 47 0 0 0 0 0 
