0.00 28675 41705 21100 79626 28675 21100 41705 79626 3 6 2 3 3 7 2 0 2 5 0 0 0 0 
4.00 28548 42737 22726 77413 28548 22726 42737 77413 1 4 1 3 1 4 3 0 1 4 0 0 0 0 
8.00 28228 43104 25960 74439 28228 25960 43104 74439 2 4 3 5 0 5 7 0 3 5 0 0 0 0 
12.00 27936 43988 30300 70890 27936 30300 43988 70890 3 3 3 4 0 4 2 0 2 4 0 0 0 0 
16.00 27511 44400 35250 65845 27511 35250 44400 65845 2 5 3 6 2 4 5 0 3 7 0 0 0 0 
20.00 27015 44624 41395 60416 27015 41395 44624 60416 2 3 2 3 3 6 1 0 2 3 0 0 0 0 
24.00 26601 44077 48637 53380 26601 48637 44077 53380 2 4 4 4 1 6 3 0 4 4 0 0 0 0 
28.00 26062 44711 55315 47428 26062 55315 44711 47428 1 3 4 5 2 4 3 0 4 3 0 0 0 0 
32.00 25793 45350 62049 41966 25793 62049 45350 41966 3 1 9 12 6 4 1 0 9 1 0 0 0 0 
36.00 25774 45369 69000 35080 25774 69000 45369 35080 1 2 4 3 2 3 3 0 6 2 0 0 0 0 
40.00 25608 45440 74786 30490 25608 74786 45440 30490 1 2 12 4 5 0 1 0 14 2 0 0 0 0 
44.00 24826 45380 79347 25734 24826 79347 45380 25734 2 1 10 4 4 3 1 0 10 0 0 0 0 0 
48.00 24917 45387 82449 22591 24917 82449 45387 22591 6 0 6 4 4 1 0 0 7 0 0 0 0 0 
52.00 25165 45268 84780 19911 25165 84780 45268 19911 3 2 4 5 2 1 1 0 4 1 0 0 0 0 
56.00 24783 45542 86517 18580 24783 86517 45542 18580 2 2 9 4 3 1 2 0 10 1 0 0 0 0 
60.00 25419 46067 87901 18415 25419 87901 46067 18415 3 1 6 2 4 3 5 0 6 1 0 0 0 0 
64.00 25594 45371 86313 19234 25594 86313 45371 19234 2 1 9 6 5 1 0 0 9 1 0 0 0 0 
68.00 25840 44860 84132 20459 25840 84132 44860 20459 4 1 5 2 4 0 0 0 5 1 0 0 0 0 
72.00 26228 44807 81172 22793 26228 81172 44807 22793 1 2 7 4 8 6 1 0 7 2 0 0 0 0 
76.00 27139 44059 77576 25817 27139 77576 44059 25817 3 1 4 8 5 1 1 0 5 0 0 0 0 0 
80.00 27580 43669 74105 30086 27580 74105 43669 30086 2 3 8 5 5 0 1 0 8 3 0 0 0 0 
84.00 28843 42373 69170 34313 28843 69170 42373 34313 2 1 9 7 4 2 3 0 8 3 0 0 0 0 
88.00 29117 42118 64071 38360 29117 64071 42118 38360 4 2 7 5 4 2 6 0 7 2 0 0 0 0 
92.00 30210 40434 59024 43758 30210 59024 40434 43758 3 1 6 6 5 3 1 0 3 1 0 0 0 0 
96.00 31149 39226 53770 48332 31149 53770 39226 48332 3 3 4 3 3 10 5 0 4 4 0 0 0 0 
100.00 32235 37412 48914 53594 32235 48914 37412 53594 3 5 3 4 1 4 2 0 4 4 0 0 0 0 
104.00 33076 36197 44588 58069 33076 44588 36197 58069 1 2 5 3 3 1 2 0 5 2 0 0 0 0 
108.00 34252 33886 41065 62700 34252 41065 33886 62700 4 3 4 5 2 5 1 0 4 3 0 0 0 0 
112.00 35344 31835 37265 67175 35344 37265 31835 67175 4 4 3 1 3 3 11 0 3 4 0 0 0 0 
116.00 36373 29938 33525 71271 36373 33525 29938 71271 2 10 1 4 4 1 12 0 1 10 0 0 0 0 
120.00 37049 27855 30696 75455 37049 30696 27855 75455 2 6 2 3 1 7 5 0 3 6 0 0 0 0 
124.00 37380 25884 27365 78493 37380 27365 25884 78493 4 5 2 3 1 2 7 0 2 4 0 0 0 0 
128.00 37600 23853 25834 80292 37600 25834 23853 80292 0 8 2 7 0 2 7 0 1 9 0 0 0 0 
132.00 38720 23311 23319 83697 38720 23319 23311 83697 2 2 0 2 2 5 7 0 0 2 0 0 0 0 
136.00 38990 21689 22174 85943 38990 22174 21689 85943 1 4 1 5 1 3 2 0 1 5 0 0 0 0 
140.00 39752 21448 21043 87039 39752 21043 21448 87039 1 8 0 5 3 6 8 0 0 9 0 0 0 0 
144.00 39789 21328 20669 88139 39789 20669 21328 88139 0 5 0 4 0 4 6 0 0 4 0 0 0 0 
148.00 39190 21428 20383 88099 39190 20383 21428 88099 3 3 0 4 2 5 4 0 0 5 0 0 0 0 
152.00 39297 21745 20761 87885 39297 20761 21745 87885 0 6 0 3 0 4 6 0 0 7 0 0 0 0 
156.00 38384 22829 21018 87370 38384 21018 22829 87370 2 8 1 7 1 4 8 0 1 7 0 0 0 0 
160.00 38189 24669 21287 85933 38189 21287 24669 85933 5 6 0 1 2 2 10 0 0 6 0 0 0 0 
164.00 37626 26959 22180 85016 37626 22180 26959 85016 3 14 1 2 3 7 9 0 1 14 0 0 0 0 
168.00 36633 29088 23079 82855 36633 23079 29088 82855 0 9 0 5 2 3 5 0 0 7 0 0 0 0 
172.00 34934 31713 24194 80957 34934 24194 31713 80957 1 4 1 4 2 8 4 0 1 5 0 0 0 0 
176.00 33963 34100 26039 78046 33963 26039 34100 78046 4 8 0 7 2 7 7 0 0 6 0 0 0 0 
180.00 33132 36551 28118 76201 33132 28118 36551 76201 1 1 2 4 2 8 6 0 2 1 0 0 0 0 
184.00 31729 39465 29298 73270 31729 29298 39465 73270 3 4 3 11 4 4 5 0 3 4 0 0 0 0 
188.00 30359 41634 30776 70837 30359 30776 41634 70837 3 6 4 8 1 8 5 0 4 7 0 0 0 0 
192.00 29201 44329 32020 68738 29201 32020 44329 68739 5 4 5 4 1 5 6 0 5 4 0 0 0 0 
196.00 26856 44840 33343 66626 26856 33343 44840 66626 4 3 4 9 1 4 2 0 3 3 0 0 0 0 
200.00 27020 46707 35955 64538 27020 35955 46707 64538 2 2 4 4 2 5 5 0 3 4 0 0 0 0 
204.00 26892 48202 37610 62934 26892 37610 48202 62934 2 3 1 5 2 4 4 0 2 3 0 0 0 0 
208.00 26712 47844 39334 61048 26712 39334 47844 61048 2 0 2 4 3 9 2 0 4 0 0 0 0 0 
212.00 26517 47240 41822 60097 26517 41822 47240 60097 2 3 2 6 4 2 2 0 2 3 0 0 0 0 
216.00 27034 46724 43461 57825 27034 43461 46724 57825 3 8 7 8 2 10 3 0 7 6 0 0 0 0 
220.00 27600 45036 45577 55867 27600 45577 45036 55867 4 2 6 5 4 4 4 0 5 2 0 0 0 0 
224.00 29091 43681 49189 54909 29091 49189 43681 54909 3 3 3 6 4 5 4 0 4 2 0 0 0 0 
228.00 30345 41215 51081 53141 30345 51081 41215 53141 1 3 7 8 4 2 0 0 8 2 0 0 0 0 
232.00 31377 38568 53489 51298 31377 53489 38568 51298 1 4 2 5 2 4 3 0 2 4 0 0 0 0 
236.00 32592 35959 56716 49622 32592 56716 35959 49622 1 4 3 6 6 3 1 0 3 5 0 0 0 0 
240.00 33959 33768 58673 47515 33959 58673 33768 47515 1 2 5 7 7 0 2 0 5 4 0 0 0 0 
244.00 35437 31935 62203 44698 35437 62203 31935 44698 2 5 2 4 5 3 7 0 2 5 0 0 0 0 
248.00 36477 30100 65555 42072 36477 65555 30100 42072 2 6 5 3 6 2 7 0 5 6 0 0 0 0 
252.00 37631 27969 68505 40093 37631 68505 27969 40093 1 5 9 6 4 2 6 0 8 5 0 0 0 0 
256.00 39485 26689 70784 37732 39485 70784 26689 37732 1 2 3 5 6 1 1 0 3 2 0 0 0 0 
260.00 39939 25087 75054 34460 39939 75054 25087 34460 4 0 2 10 7 1 3 0 2 1 0 0 0 0 
264.00 41072 24655 77325 31445 41072 77325 24655 31445 2 5 4 3 9 2 3 0 2 5 0 0 0 0 
268.00 41478 23638 79611 29089 41478 79611 23638 29089 3 3 6 4 3 1 4 0 6 2 0 0 0 0 
272.00 41814 23253 83036 26942 41814 83036 23253 26942 4 2 3 3 9 0 4 0 3 2 0 0 0 0 
276.00 42408 23130 84570 25765 42408 84570 23130 25765 2 2 1 6 8 2 3 0 2 2 0 0 0 0 
280.00 41674 23147 86303 24053 41674 86303 23147 24053 2 1 4 7 12 2 2 0 5 1 0 0 0 0 
284.00 41670 23471 87348 23006 41670 87348 23471 23006 3 0 7 5 10 1 0 0 4 0 0 0 0 0 
288.00 40958 23675 88225 22757 40958 88225 23675 22757 2 1 4 6 4 3 2 0 4 1 0 0 0 0 
292.00 39575 24023 87437 22990 39575 87437 24023 22990 2 1 2 2 12 0 1 0 3 1 0 0 0 0 
296.00 39027 25084 86826 24063 39027 86826 25084 24063 1 1 7 3 7 1 0 0 9 1 0 0 0 0 
300.00 38591 26280 85125 26083 38591 85125 26280 26083 5 2 5 4 5 1 5 0 4 2 0 0 0 0 
304.00 37658 27001 82630 28619 37658 82630 27001 28619 1 0 7 8 6 3 2 0 7 1 0 0 0 0 
308.00 37020 28185 79841 31258 37020 79841 28185 31258 3 2 4 7 5 1 4 0 3 1 0 0 0 0 
312.00 34754 28688 75374 34995 34754 75374 28688 34995 4 7 5 6 1 3 3 0 6 7 0 0 0 0 
316.00 33127 29198 71287 38098 33127 71287 29198 38098 4 4 6 6 6 2 2 0 7 3 0 0 0 0 
320.00 32892 31376 66445 43135 32892 66445 31376 43135 0 5 3 7 6 2 3 0 3 5 0 0 0 0 
324.00 32762 32975 61805 47716 32762 61805 32975 47716 2 4 9 10 8 7 3 0 8 3 0 0 0 0 
328.00 32014 33884 54238 53562 32014 54238 33884 53562 1 0 2 4 7 4 2 0 3 0 0 0 0 0 
332.00 31226 35402 48456 59190 31226 48456 35402 59190 2 3 3 4 5 4 6 0 4 3 0 0 0 0 
336.00 30612 36778 42466 63168 30612 42466 36778 63168 2 5 1 4 2 1 4 0 1 5 0 0 0 0 
340.00 30241 37443 35225 68305 30241 35225 37443 68305 1 5 2 10 5 3 0 0 2 4 0 0 0 0 
344.00 29801 38439 29657 73954 29801 29657 38439 73954 1 5 6 7 1 7 3 0 6 5 0 0 0 0 
348.00 29865 39804 25822 76817 29865 25822 39804 76817 0 3 1 4 3 5 5 0 1 3 0 0 0 0 
352.00 29240 40476 22608 78663 29240 22608 40476 78663 2 7 1 3 2 6 4 0 1 7 0 0 0 0 
356.00 29573 41716 21602 79865 29573 21602 41716 79865 2 5 2 5 1 10 4 0 2 4 0 0 0 0 
360.00 29190 41768 21290 79512 29190 21290 41768 79512 2 4 3 4 6 8 4 0 3 4 0 0 0 0 
