12.96 372708 534676 134741 222882 372708 134741 534676 222882 11172 3296 2133 1990 2722 8406 95 0 2131 3297 0 0 0 0 
13.02 380846 536364 135107 229358 380846 135107 536364 229358 11456 3271 2180 2011 2708 8766 102 0 2185 3268 0 0 0 0 
13.08 388466 539362 136988 234928 388466 136988 539362 234928 11811 3457 2232 2158 2955 9092 92 0 2229 3455 0 0 0 0 
13.14 395883 543512 137765 241523 395883 137765 543512 241523 12130 3627 2249 2169 2990 9486 96 0 2249 3629 0 0 0 0 
13.20 402951 544300 138369 248439 402951 138369 544300 248439 12523 3762 2429 2276 3035 9843 113 0 2439 3763 0 0 0 0 
13.26 410469 547545 139509 254324 410469 139509 547545 254324 13013 3779 2375 2371 3144 10079 107 0 2369 3784 0 0 0 0 
13.32 418227 550012 140014 260763 418227 140014 550012 260763 13411 3872 2511 2424 3341 10369 110 0 2504 3868 0 0 0 0 
13.38 424218 552499 140908 266126 424218 140908 552499 266126 13910 4039 2607 2475 3139 10767 100 0 2604 4031 0 0 0 0 
13.44 428951 553485 141224 269880 428951 141224 553485 269880 13994 4191 2582 2511 3270 10858 97 0 2589 4184 0 0 0 0 
13.50 434413 554555 141540 272682 434413 141540 554555 272682 14110 4225 2652 2545 3455 11014 98 0 2642 4221 0 0 0 0 
13.56 439331 555366 141932 277432 439331 141932 555366 277432 14380 4421 2651 2636 3458 11202 130 0 2652 4415 0 0 0 0 
13.62 440614 557835 142590 279546 440615 142590 557835 279546 14822 4424 2747 2640 3307 11000 122 0 2750 4425 0 0 0 0 
13.64 439675 556992 142682 279733 439676 142678 556988 279731 14862 4424 2690 2716 3385 11036 125 2 2686 4421 0 1 0 0 
13.66 441041 557583 142928 281036 441041 142928 557583 281036 14730 4435 2816 2661 3464 11067 124 0 2814 4424 0 0 0 0 
13.68 440550 558136 142923 280808 440550 142923 558136 280808 14271 4229 2695 2594 3632 11127 117 0 2700 4223 0 0 0 0 
13.70 440297 557791 142648 280305 440297 142648 557791 280305 13596 4059 2354 2529 3783 11511 127 0 2353 4056 0 0 0 0 
13.72 438931 556419 142676 279903 438931 142676 556419 279903 12531 3623 2139 2492 4092 11988 120 0 2136 3617 0 0 0 0 
13.74 438532 554940 143046 280447 438532 143046 554940 280447 11023 3104 1757 2320 4582 12255 141 0 1749 3105 0 0 0 0 
13.76 441095 554400 143286 280169 441095 143286 554400 280169 9963 2796 1323 2094 4779 12913 127 0 1321 2797 0 0 0 0 
13.78 438775 554347 142873 280898 438775 142873 554347 280898 8308 2169 945 2030 5134 13473 121 0 950 2173 0 0 0 0 
13.80 438041 554678 143302 279864 438041 143302 554678 279864 7213 1770 645 1872 5527 13735 106 0 639 1765 0 0 0 0 
13.82 438441 553587 142571 281487 438441 142571 553587 281487 6707 1594 474 1812 5591 14102 113 0 472 1597 0 0 0 0 
13.84 437974 553253 142588 281132 437974 142588 553253 281132 6569 1436 471 1749 5554 14152 118 0 461 1422 0 0 0 0 
13.86 438748 554407 143145 280875 438748 143145 554407 280875 7217 1689 641 1815 5550 13810 134 0 635 1681 0 0 0 0 
13.88 437925 554440 142788 281292 437925 142788 554440 281292 8284 1979 953 1894 5157 13340 135 0 945 1969 0 0 0 0 
13.90 439188 554569 142583 281032 439188 142583 554569 281032 9567 2459 1327 2045 4785 12909 133 0 1329 2452 0 0 0 0 
13.92 439555 555890 143420 281494 439555 143420 555890 281494 11151 3028 1809 2154 4450 12430 136 0 1810 3024 0 0 0 0 
13.94 439205 557118 143092 280222 439205 143092 557118 280222 12551 3410 2156 2284 3922 11805 132 0 2160 3412 0 0 0 0 
13.96 440148 555010 143157 279744 440148 143157 555010 279744 13898 3884 2473 2491 3561 11307 119 0 2475 3879 0 0 0 0 
13.98 439713 555944 141822 279301 439713 141822 555944 279301 14509 4200 2682 2496 3441 10852 131 0 2680 4203 0 0 0 0 
14.00 438297 555243 143411 278209 438297 143411 555243 278209 14815 4372 2840 2693 3162 10670 138 0 2834 4365 0 0 0 0 
14.02 437590 557317 142983 277680 437590 142983 557317 277680 14942 4412 2909 2699 3261 10713 119 0 2904 4397 0 0 0 0 
14.04 435253 554284 143141 276480 435253 143141 554284 276480 14758 4291 2855 2574 3201 10265 119 0 2846 4286 0 0 0 0 
14.06 433521 553046 142258 274449 433521 142258 553046 274449 14235 4113 2669 2650 3156 10450 109 0 2674 4110 0 0 0 0 
14.08 431417 553334 142310 271627 431417 142310 553334 271627 13866 4049 2639 2417 3346 10572 106 0 2636 4047 0 0 0 0 
14.10 430267 550786 140344 271581 430267 140344 550786 271581 13382 3984 2469 2392 3220 10556 113 0 2476 3976 0 0 0 0 
14.16 423002 548404 140514 265862 423002 140514 548404 265862 12623 3780 2378 2383 3255 10218 110 0 2375 3775 0 0 0 0 
14.22 413945 547318 140218 259805 413945 140218 547318 259805 12469 3678 2385 2283 3121 9833 112 0 2384 3673 0 0 0 0 
14.28 407258 543518 138326 251603 407258 138326 543518 251603 11945 3423 2269 2192 2903 9140 104 0 2267 3420 0 0 0 0 
14.34 397167 541765 137744 245061 397167 137744 541765 245061 11483 3290 2124 1986 2716 8904 91 0 2121 3293 0 0 0 0 
14.40 390818 537922 136706 238606 390818 136706 537922 238606 11022 3227 2074 1936 2615 8360 79 0 2071 3225 0 0 0 0 
14.46 383253 535397 136536 232777 383253 136536 535397 232777 10632 3044 1974 1937 2437 8045 84 0 1972 3046 0 0 0 0 
14.52 375599 532770 134700 225823 375599 134700 532770 225823 9994 2893 1879 1735 2329 7771 84 0 1878 2892 0 0 0 0 
14.58 366343 530911 134847 218008 366343 134847 530911 218008 9547 2790 1791 1697 2309 7259 69 0 1789 2793 0 0 0 0 
14.64 358862 526826 132836 212029 358862 132836 526826 212029 8826 2626 1658 1558 2070 6782 63 0 1654 2624 0 0 0 0 
14.70 349829 523373 131721 204627 349829 131721 523373 204627 8360 2410 1574 1487 2018 6400 57 0 1572 2410 0 0 0 0 
14.76 339945 520923 130886 196427 339945 130886 520923 196427 7676 2265 1466 1425 1866 5833 54 0 1469 2270 0 0 0 0 
