T quantum uniform nclicks
0 0.5 0.5 0
0 0.5 0.5 0
1 0.504184 0.495816 2
2 0.643806 0.356194 3
3 0.647634 0.352366 5
4 0.375604 0.624396 7
5 0.375604 0.624396 7
6 0.375604 0.624396 7
7 0.77159 0.22841 10
8 0.77159 0.22841 10
9 0.91433 0.0856699 12
10 0.971197 0.0288025 14
11 0.971662 0.0283381 16
12 0.971662 0.0283381 16
13 0.971662 0.0283381 16
14 0.994833 0.00516658 19
15 0.994833 0.00516658 19
16 0.991004 0.00899625 20
17 0.991004 0.00899625 20
18 0.994919 0.00508127 21
19 0.984635 0.0153648 23
20 0.973448 0.026552 24
21 0.99144 0.00855953 26
22 0.99144 0.00855953 26
23 0.99144 0.00855953 26
24 0.99144 0.00855953 26
25 0.997275 0.00272518 28
26 0.997275 0.00272518 28
27 0.997275 0.00272518 28
28 0.998465 0.00153502 29
29 0.99732 0.00268008 30
30 0.99732 0.00268008 30
31 0.995325 0.00467532 31
32 0.995325 0.00467532 31
33 0.991856 0.00814383 32
34 0.991856 0.00814383 32
35 0.997408 0.00259209 34
36 0.997408 0.00259209 34
37 0.99854 0.00145997 35
38 0.999178 0.0008219 36
39 0.999178 0.0008219 36
40 0.998564 0.00143577 37
41 0.999192 0.000808271 38
42 0.999192 0.000808271 38
43 0.999192 0.000808271 38
44 0.999192 0.000808271 38
45 0.999856 0.000144027 41
46 0.999856 0.000144027 41
47 0.999986 1.4431e-05 45
48 0.999986 1.4431e-05 45
49 0.999986 1.4431e-05 45
50 0.999986 1.4431e-05 45
51 0.999986 1.41915e-05 47
52 0.999975 2.4806e-05 48
53 0.999975 2.4806e-05 48
54 0.999975 2.4806e-05 48
55 0.999986 1.3956e-05 49
56 0.999976 2.43943e-05 50
57 0.999986 1.37244e-05 51
58 0.999986 1.37244e-05 51
59 0.999996 4.34405e-06 53
60 0.999996 4.34405e-06 53
61 0.999998 2.44396e-06 54
62 0.999998 2.44396e-06 54
63 0.999999 1.37497e-06 55
64 0.999999 1.37497e-06 55
65 0.999996 4.20106e-06 57
66 0.999996 4.20106e-06 57
67 0.999999 1.32971e-06 59
68 0.999996 4.06279e-06 61
69 0.999996 4.06279e-06 61
70 0.999998 2.28572e-06 62
71 0.999998 2.28572e-06 62
72 0.999998 2.28572e-06 62
73 0.999998 2.28572e-06 62
74 0.999998 2.28572e-06 62
75 0.999998 2.28572e-06 62
76 0.999999 1.28595e-06 63
77 0.999999 7.23473e-07 64
78 1 4.07025e-07 65
79 1 4.07025e-07 65
80 1 4.07025e-07 65
81 1 4.07025e-07 65
82 0.999999 1.24362e-06 67
83 0.999998 2.17381e-06 68
84 0.999998 2.13773e-06 70
85 1 3.80672e-07 73
86 1 1.20489e-07 75
87 1 1.20489e-07 75
88 1 1.20489e-07 75
89 1 1.1849e-07 77
90 1 1.1849e-07 77
91 1 1.1849e-07 77
92 1 3.62033e-07 79
93 1 3.62033e-07 79
94 1 2.03679e-07 80
95 1 2.03679e-07 80
96 1 2.03679e-07 80
97 1 2.03679e-07 80
98 1 2.03679e-07 80
99 1 2.03679e-07 80
100 1 2.03679e-07 80
101 1 1.1459e-07 81
102 1 1.1459e-07 81
103 1 1.1459e-07 81
104 1 2.04053e-08 84
105 1 2.04053e-08 84
106 1 3.56678e-08 85
107 1 2.00667e-08 86
108 1 2.00667e-08 86
109 1 2.00667e-08 86
110 1 3.50759e-08 87
111 1 3.50759e-08 87
112 1 3.50759e-08 87
113 1 6.13115e-08 88
114 1 1.07171e-07 89
115 1 1.87331e-07 90
116 1 1.87331e-07 90
117 1 1.87331e-07 90
118 1 1.05392e-07 91
119 1 1.05392e-07 91
120 1 1.05392e-07 91
121 1 1.05392e-07 91
122 1 1.78158e-07 96
123 1 1.00232e-07 97
124 1 1.00232e-07 97
125 1 5.63902e-08 98
126 1 5.63902e-08 98
127 1 1.78485e-08 100
128 1 1.78485e-08 100
129 1 1.78485e-08 100
130 1 1.78485e-08 100
131 1 3.11986e-08 101
132 1 3.11986e-08 101
133 1 3.11986e-08 101
134 1 1.75523e-08 102
135 1 9.87491e-09 103
136 1 5.55561e-09 104
137 1 5.55561e-09 104
138 1 9.71103e-09 105
139 1 9.71103e-09 105
140 1 9.71103e-09 105
141 1 1.72927e-09 108
142 1 1.72927e-09 108
143 1 9.72885e-10 109
144 1 9.72885e-10 109
145 1 9.72885e-10 109
146 1 5.47344e-10 110
147 1 3.07935e-10 111
148 1 1.70369e-10 114
149 1 5.39248e-11 116
150 1 5.30299e-11 118
151 1 1.67849e-11 120
152 1 1.67849e-11 120
153 1 1.67849e-11 120
154 1 1.65064e-11 122
155 1 1.65064e-11 122
156 1 1.65064e-11 122
157 1 1.65064e-11 122
158 1 9.28646e-12 123
159 1 2.93933e-12 125
160 1 1.65366e-12 126
161 1 1.65366e-12 126
162 1 9.3035e-13 127
163 1 9.3035e-13 127
164 1 9.3035e-13 127
165 1 9.3035e-13 127
166 1 5.23414e-13 128
167 1 2.94472e-13 129
168 1 2.94472e-13 129
169 1 2.94472e-13 129
170 1 2.94472e-13 129
171 1 9.32057e-14 131
172 1 5.24374e-14 132
173 1 1.65974e-14 134
174 1 1.65974e-14 134
175 1 1.65974e-14 134
176 1 1.65974e-14 134
177 1 1.65974e-14 134
178 1 9.33767e-15 135
179 1 9.33767e-15 135
180 1 9.33767e-15 135
181 1 9.33767e-15 135
182 1 9.33767e-15 135
183 1 9.33767e-15 135
184 1 5.25336e-15 136
185 1 2.95554e-15 137
186 1 1.66278e-15 138
187 1 2.90649e-15 139
188 1 2.90649e-15 139
189 1 1.63519e-15 140
190 1 5.17566e-16 142
191 1 1.58137e-15 144
192 1 1.58137e-15 144
193 1 8.89675e-16 145
194 1 4.92224e-16 148
195 1 2.76925e-16 149
196 1 4.84055e-16 150
197 1 4.76022e-16 152
198 1 4.76022e-16 152
199 1 1.5067e-16 154
200 1 1.5067e-16 154
201 1 1.5067e-16 154
202 1 8.47665e-17 155
203 1 8.47665e-17 155
204 1 8.47665e-17 155
205 1 4.76896e-17 156
206 1 8.33598e-17 157
207 1 8.33598e-17 157
208 1 4.68981e-17 158
209 1 4.68981e-17 158
210 1 4.68981e-17 158
211 1 2.63849e-17 159
212 1 1.48441e-17 160
213 1 1.48441e-17 160
214 1 1.48441e-17 160
215 1 1.48441e-17 160
216 1 8.35127e-18 161
217 1 8.35127e-18 161
218 1 8.35127e-18 161
219 1 1.45978e-17 162
220 1 2.55164e-17 163
221 1 2.55164e-17 163
222 1 2.50929e-17 165
223 1 4.38617e-17 166
224 1 7.66688e-17 167
225 1 7.53964e-17 169
226 1 4.2418e-17 170
227 1 4.2418e-17 170
228 1 4.2418e-17 170
229 1 4.2418e-17 170
230 1 4.2418e-17 170
231 1 2.38643e-17 171
232 1 2.38643e-17 171
233 1 2.38643e-17 171
234 1 2.38643e-17 171
235 1 2.38643e-17 171
236 1 2.38643e-17 171
237 1 2.38643e-17 171
238 1 2.38643e-17 171
239 1 1.3426e-17 172
240 1 1.3426e-17 172
241 1 7.55347e-18 173
242 1 7.55347e-18 173
243 1 7.55347e-18 173
244 1 4.24958e-18 174
245 1 7.42812e-18 175
246 1 7.42812e-18 175
247 1 7.42812e-18 175
248 1 7.42812e-18 175
249 1 4.17905e-18 176
250 1 4.17905e-18 176
251 1 4.17905e-18 176
252 1 1.32274e-18 178
253 1 2.31211e-18 179
254 1 2.31211e-18 179
255 1 2.31211e-18 179
256 1 7.31825e-19 181
257 1 1.27921e-18 182
258 1 1.27921e-18 182
259 1 7.1968e-19 183
260 1 7.1968e-19 183
261 1 7.1968e-19 183
262 1 4.04892e-19 184
263 1 4.04892e-19 184
264 1 4.04892e-19 184
265 1 7.07737e-19 185
266 1 2.24011e-19 187
267 1 2.24011e-19 187
268 1 6.84442e-19 189
269 1 6.84442e-19 189
270 1 3.85067e-19 190
271 1 3.78676e-19 192
272 1 3.72392e-19 194
273 1 3.72392e-19 194
274 1 2.09507e-19 195
275 1 2.09507e-19 195
276 1 2.09507e-19 195
277 1 2.09507e-19 195
278 1 2.09507e-19 195
279 1 3.66212e-19 196
280 1 3.66212e-19 196
281 1 3.66212e-19 196
282 1 2.06031e-19 197
283 1 2.06031e-19 197
284 1 2.06031e-19 197
285 1 2.06031e-19 197
286 1 2.06031e-19 197
287 1 2.06031e-19 197
288 1 2.06031e-19 197
289 1 3.60135e-19 198
290 1 2.02612e-19 199
291 1 2.02612e-19 199
292 1 2.02612e-19 199
293 1 1.13989e-19 200
294 1 6.41301e-20 201
295 1 6.41301e-20 201
296 1 1.12097e-19 202
297 1 6.30659e-20 203
298 1 3.54808e-20 204
299 1 1.99615e-20 205
300 1 6.31816e-21 207
301 1 3.55459e-21 208
302 1 1.99981e-21 209
303 1 1.99981e-21 209
304 1 1.99981e-21 209
305 1 1.99981e-21 209
306 1 1.99981e-21 209
307 1 1.99981e-21 209
308 1 1.99981e-21 209
309 1 1.99981e-21 209
310 1 1.99981e-21 209
311 1 1.12509e-21 210
312 1 1.12509e-21 210
313 1 6.32975e-22 211
314 1 2.00348e-22 213
315 1 2.00348e-22 213
316 1 2.00348e-22 213
317 1 2.00348e-22 213
318 1 2.00348e-22 213
319 1 2.00348e-22 213
320 1 2.00348e-22 213
321 1 1.12715e-22 214
322 1 1.12715e-22 214
323 1 1.12715e-22 214
324 1 1.12715e-22 214
325 1 1.12715e-22 214
326 1 1.12715e-22 214
327 1 1.12715e-22 214
328 1 1.12715e-22 214
329 1 6.34136e-23 215
330 1 6.34136e-23 215
331 1 6.34136e-23 215
332 1 6.34136e-23 215
333 1 1.10845e-22 216
334 1 1.10845e-22 216
335 1 1.10845e-22 216
336 1 1.10845e-22 216
337 1 3.50844e-23 218
338 1 1.07196e-22 220
339 1 3.39296e-23 222
340 1 1.90887e-23 223
341 1 1.90887e-23 223
342 1 3.33665e-23 224
343 1 3.33665e-23 224
344 1 1.8772e-23 225
345 1 1.8772e-23 225
346 1 1.05611e-23 226
347 1 5.94166e-24 227
348 1 5.84306e-24 229
349 1 3.2873e-24 230
350 1 1.0044e-23 232
351 1 1.0044e-23 232
352 1 1.0044e-23 232
353 1 1.0044e-23 232
354 1 1.75565e-23 233
355 1 3.06883e-23 234
356 1 3.06883e-23 234
357 1 3.06883e-23 234
358 1 3.0179e-23 236
359 1 5.27519e-23 237
360 1 2.96782e-23 238
361 1 9.39367e-24 240
362 1 1.64198e-23 241
363 1 9.08447e-24 244
364 1 5.11092e-24 245
365 1 2.8754e-24 246
366 1 5.0261e-24 247
367 1 8.78546e-24 248
368 1 8.49629e-24 252
369 1 4.78e-24 253
370 1 2.68923e-24 254
371 1 2.68923e-24 254
372 1 2.68923e-24 254
373 1 2.68923e-24 254
374 1 2.68923e-24 254
375 1 4.70068e-24 255
376 1 8.21663e-24 256
377 1 8.21663e-24 256
378 1 8.21663e-24 256
379 1 8.08028e-24 258
380 1 4.54596e-24 259
381 1 4.54596e-24 259
382 1 4.54596e-24 259
383 1 4.54596e-24 259
384 1 2.55755e-24 260
385 1 4.5543e-25 263
386 1 2.56224e-25 264
387 1 2.51972e-25 266
388 1 2.51972e-25 266
389 1 1.41759e-25 267
390 1 1.41759e-25 267
391 1 2.52434e-26 270
392 1 2.48245e-26 272
393 1 1.39662e-26 273
394 1 7.8574e-27 274
395 1 7.8574e-27 274
396 1 7.8574e-27 274
397 1 7.8574e-27 274
398 1 7.8574e-27 274
399 1 7.8574e-27 274
400 1 7.8574e-27 274
401 1 1.37345e-26 275
402 1 1.37345e-26 275
403 1 1.37345e-26 275
404 1 1.37345e-26 275
405 1 7.727e-27 276
406 1 4.34721e-27 277
407 1 2.44573e-27 278
408 1 1.37597e-27 279
409 1 1.37597e-27 279
410 1 1.37597e-27 279
411 1 1.37597e-27 279
412 1 7.74118e-28 280
413 1 7.74118e-28 280
414 1 1.35313e-27 281
415 1 1.35313e-27 281
416 1 1.35313e-27 281
417 1 2.36523e-27 282
418 1 2.36523e-27 282
419 1 2.36523e-27 282
420 1 2.36523e-27 282
421 1 4.13435e-27 283
422 1 4.13435e-27 283
423 1 4.13435e-27 283
424 1 4.13435e-27 283
425 1 4.13435e-27 283
426 1 4.13435e-27 283
427 1 4.13435e-27 283
428 1 4.13435e-27 283
429 1 4.13435e-27 283
430 1 4.13435e-27 283
431 1 2.24942e-27 288
432 1 1.26552e-27 289
433 1 1.26552e-27 289
434 1 1.26552e-27 289
435 1 7.00166e-28 292
436 1 7.00166e-28 292
437 1 6.88547e-28 294
438 1 6.88547e-28 294
439 1 3.87376e-28 295
440 1 3.87376e-28 295
441 1 3.87376e-28 295
442 1 6.8981e-29 298
443 1 6.8981e-29 298
444 1 6.8981e-29 298
445 1 1.20577e-28 299
446 1 1.20577e-28 299
447 1 6.78363e-29 300
448 1 6.78363e-29 300
449 1 6.78363e-29 300
450 1 6.78363e-29 300
451 1 3.81646e-29 301
452 1 3.81646e-29 301
453 1 3.81646e-29 301
454 1 2.14714e-29 302
455 1 2.14714e-29 302
456 1 3.75313e-29 303
457 1 3.75313e-29 303
458 1 3.75313e-29 303
459 1 3.75313e-29 303
460 1 2.11151e-29 304
461 1 2.11151e-29 304
462 1 2.11151e-29 304
463 1 3.69084e-29 305
464 1 3.69084e-29 305
465 1 6.45147e-29 306
466 1 6.45147e-29 306
467 1 6.45147e-29 306
468 1 6.45147e-29 306
469 1 6.45147e-29 306
470 1 6.45147e-29 306
471 1 6.45147e-29 306
472 1 6.45147e-29 306
473 1 6.45147e-29 306
474 1 6.45147e-29 306
475 1 6.45147e-29 306
476 1 6.45147e-29 306
477 1 6.45147e-29 306
478 1 6.45147e-29 306
479 1 1.1277e-28 307
480 1 1.1277e-28 307
481 1 1.1277e-28 307
482 1 6.34441e-29 308
483 1 6.34441e-29 308
484 1 6.34441e-29 308
485 1 3.56936e-29 309
486 1 1.09058e-28 311
487 1 1.09058e-28 311
488 1 1.09058e-28 311
489 1 1.9063e-28 312
490 1 1.9063e-28 312
491 1 1.07248e-28 313
492 1 6.03376e-29 314
493 1 3.39459e-29 315
494 1 5.93363e-29 316
495 1 1.03718e-28 317
496 1 1.03718e-28 317
497 1 5.83516e-29 318
498 1 1.84693e-29 320
499 1 1.84693e-29 320
500 1 1.81628e-29 322
501 1 1.02184e-29 323
502 1 1.02184e-29 323
503 1 1.02184e-29 323
504 1 1.02184e-29 323
505 1 1.7565e-29 326
506 1 1.7565e-29 326
507 1 9.88205e-30 327
508 1 9.71805e-30 329
509 1 5.46737e-30 330
510 1 5.46737e-30 330
511 1 5.46737e-30 330
512 1 3.07594e-30 331
513 1 3.07594e-30 331
514 1 3.07594e-30 331
515 1 3.07594e-30 331
516 1 3.07594e-30 331
517 1 3.07594e-30 331
518 1 3.07594e-30 331
519 1 1.73052e-30 332
520 1 1.73052e-30 332
521 1 9.73588e-31 333
522 1 3.08158e-31 335
523 1 1.73369e-31 336
524 1 2.98015e-31 339
525 1 2.98015e-31 339
526 1 2.98015e-31 339
527 1 2.98015e-31 339
528 1 1.67663e-31 340
529 1 2.93069e-31 341
530 1 1.6488e-31 342
531 1 5.21876e-32 344
532 1 2.88734e-32 347
533 1 2.88734e-32 347
534 1 2.88734e-32 347
535 1 2.88734e-32 347
536 1 5.04698e-32 348
537 1 5.04698e-32 348
538 1 5.04698e-32 348
539 1 2.83943e-32 349
540 1 1.59746e-32 350
541 1 8.98729e-33 351
542 1 8.98729e-33 351
543 1 5.05624e-33 352
544 1 5.05624e-33 352
545 1 2.84464e-33 353
546 1 2.84464e-33 353
547 1 4.97233e-33 354
548 1 4.97233e-33 354
549 1 4.97233e-33 354
550 1 4.97233e-33 354
551 1 4.97233e-33 354
552 1 4.97233e-33 354
553 1 2.75101e-33 357
554 1 4.80867e-33 358
555 1 4.80867e-33 358
556 1 4.80867e-33 358
557 1 4.80867e-33 358
558 1 4.80867e-33 358
559 1 4.80867e-33 358
560 1 8.4054e-33 359
561 1 8.4054e-33 359
562 1 8.4054e-33 359
563 1 4.72887e-33 360
564 1 4.72887e-33 360
565 1 4.72887e-33 360
566 1 2.66046e-33 361
567 1 1.49677e-33 362
568 1 1.49677e-33 362
569 1 2.61631e-33 363
570 1 1.47193e-33 364
571 1 2.57289e-33 365
572 1 2.57289e-33 365
573 1 1.4475e-33 366
574 1 1.4475e-33 366
575 1 1.4475e-33 366
576 1 1.42348e-33 368
577 1 8.0085e-34 369
578 1 8.0085e-34 369
579 1 8.0085e-34 369
580 1 8.0085e-34 369
581 1 1.39986e-33 370
582 1 1.39986e-33 370
583 1 2.44691e-33 371
584 1 1.37663e-33 372
585 1 2.4063e-33 373
586 1 2.4063e-33 373
587 1 2.4063e-33 373
588 1 2.4063e-33 373
589 1 2.4063e-33 373
590 1 1.35378e-33 374
591 1 2.36637e-33 375
592 1 2.36637e-33 375
593 1 2.36637e-33 375
594 1 4.13634e-33 376
595 1 4.13634e-33 376
596 1 4.13634e-33 376
597 1 2.3271e-33 377
598 1 2.3271e-33 377
599 1 2.3271e-33 377
600 1 7.36568e-34 379
601 1 7.24345e-34 381
602 1 7.24345e-34 381
603 1 7.24345e-34 381
604 1 4.07516e-34 382
605 1 4.07516e-34 382
606 1 4.07516e-34 382
607 1 4.07516e-34 382
608 1 4.07516e-34 382
609 1 1.28986e-34 384
610 1 1.28986e-34 384
611 1 1.28986e-34 384
612 1 1.28986e-34 384
613 1 4.08263e-35 386
614 1 4.01488e-35 388
615 1 4.01488e-35 388
616 1 3.94825e-35 390
617 1 3.94825e-35 390
618 1 2.22128e-35 391
619 1 1.24969e-35 392
620 1 7.03076e-36 393
621 1 3.9555e-36 394
622 1 3.9555e-36 394
623 1 3.9555e-36 394
624 1 6.91408e-36 395
625 1 6.91408e-36 395
626 1 1.20856e-35 396
627 1 1.20856e-35 396
628 1 3.69262e-35 398
629 1 3.69262e-35 398
630 1 3.69262e-35 398
631 1 3.69262e-35 398
632 1 3.69262e-35 398
633 1 3.69262e-35 398
634 1 3.69262e-35 398
635 1 3.69262e-35 398
636 1 3.69262e-35 398
637 1 3.69262e-35 398
638 1 3.69262e-35 398
639 1 2.07746e-35 399
640 1 2.04299e-35 401
641 1 1.14938e-35 402
642 1 1.14938e-35 402
643 1 6.46642e-36 403
644 1 3.638e-36 404
645 1 3.638e-36 404
646 1 2.04674e-36 405
647 1 1.15149e-36 406
648 1 2.01277e-36 407
649 1 1.13238e-36 408
650 1 1.97937e-36 409
651 1 1.97937e-36 409
652 1 1.97937e-36 409
653 1 3.45987e-36 410
654 1 6.04774e-36 411
655 1 6.04774e-36 411
656 1 1.05713e-35 412
657 1 5.84868e-36 415
658 1 3.29046e-36 416
659 1 3.29046e-36 416
660 1 1.85121e-36 417
661 1 1.85121e-36 417
662 1 1.85121e-36 417
663 1 3.23586e-36 418
664 1 3.23586e-36 418
665 1 3.23586e-36 418
666 1 5.65617e-36 419
667 1 9.8868e-36 420
668 1 9.72273e-36 422
669 1 9.72273e-36 422
670 1 9.72273e-36 422
671 1 5.47e-36 423
672 1 5.47e-36 423
673 1 5.47e-36 423
674 1 3.07742e-36 424
675 1 3.07742e-36 424
676 1 5.37922e-36 425
677 1 3.02634e-36 426
678 1 5.28995e-36 427
679 1 5.28995e-36 427
680 1 2.97612e-36 428
681 1 2.97612e-36 428
682 1 2.97612e-36 428
683 1 2.97612e-36 428
684 1 2.97612e-36 428
685 1 5.20217e-36 429
686 1 5.20217e-36 429
687 1 5.20217e-36 429
688 1 5.03094e-36 433
689 1 5.03094e-36 433
690 1 5.03094e-36 433
691 1 5.03094e-36 433
692 1 8.79391e-36 434
693 1 8.79391e-36 434
694 1 8.79391e-36 434
695 1 8.79391e-36 434
696 1 8.79391e-36 434
697 1 8.79391e-36 434
698 1 8.79391e-36 434
