0.00 29681 66697 21968 57820 29681 21968 66697 57820 43 25 17 39 16 54 24 26 30 27 0 0 0 0 
4.00 29485 68738 22816 57612 29485 22816 68738 57612 7 6 3 4 4 13 3 0 3 4 0 0 0 0 
8.00 29200 70202 25236 55456 29200 25236 70202 55456 6 2 3 1 3 8 3 0 3 1 0 0 0 0 
12.00 28193 71199 29146 53212 28193 29146 71199 53212 3 7 2 3 2 5 2 0 1 7 0 0 0 0 
16.00 27082 71966 33947 49673 27082 33947 71966 49673 3 1 5 8 2 11 0 0 6 1 0 0 0 0 
20.00 26034 73298 39558 46486 26034 39558 73298 46486 1 4 3 2 4 9 6 0 5 4 0 0 0 0 
24.00 25323 73036 45927 41584 25323 45927 73036 41584 4 2 5 5 6 12 2 0 5 2 0 0 0 0 
28.00 24570 74108 52382 37223 24570 52382 74108 37223 4 2 7 2 2 7 1 0 5 2 0 0 0 0 
32.00 23832 74339 59927 32853 23832 59927 74339 32853 6 0 4 4 2 6 4 0 4 1 0 0 0 0 
36.00 23753 74917 67124 27700 23753 67124 74917 27700 2 4 8 7 1 3 3 0 9 4 0 0 0 0 
40.00 23146 74172 72782 24216 23146 72782 74172 24216 5 0 13 5 3 4 1 0 14 0 0 0 0 0 
44.00 23055 74858 78665 20522 23055 78665 74858 20522 5 0 10 5 3 3 0 0 9 0 0 0 0 0 
48.00 23431 75287 82914 18222 23431 82914 75287 18222 2 3 14 2 3 0 1 0 10 3 0 0 0 0 
52.00 23424 75774 85657 15961 23424 85657 75774 15961 2 1 18 2 6 2 0 0 16 1 0 0 0 0 
56.00 23904 75361 88224 14343 23904 88224 75361 14343 5 0 7 2 5 4 1 0 8 0 0 0 0 0 
60.00 23994 74972 88329 13690 23994 88329 74972 13690 2 1 17 1 3 1 1 0 19 1 0 0 0 0 
64.00 24942 73313 87784 13697 24942 87784 73313 13697 0 0 20 0 4 0 0 0 18 0 0 0 0 0 
68.00 26279 72284 86537 14687 26279 86537 72284 14687 6 1 14 0 5 3 1 0 11 1 0 0 0 0 
72.00 27121 71157 83987 16075 27121 83987 71157 16075 6 1 15 5 6 5 1 0 12 1 0 0 0 0 
76.00 28946 69280 80542 17798 28946 80542 69280 17798 1 1 13 3 8 5 1 0 14 1 0 0 0 0 
80.00 30228 68491 76676 20461 30228 76676 68491 20461 4 0 8 1 3 7 1 0 9 0 0 0 0 0 
84.00 31768 66084 72107 23864 31768 72107 66084 23864 2 1 11 2 3 1 2 0 12 1 0 0 0 0 
88.00 34615 64452 67629 27536 34615 67629 64452 27536 3 1 16 1 8 6 3 0 15 1 0 0 0 0 
92.00 36346 61192 62606 30698 36346 62606 61192 30698 2 2 8 8 3 7 0 0 8 2 0 0 0 0 
96.00 39325 57165 57651 34230 39325 57651 57165 34230 6 5 7 5 3 2 3 0 7 4 0 0 0 0 
100.00 42215 53278 52973 37792 42215 52973 53278 37792 5 1 5 4 6 5 0 0 7 1 0 0 0 0 
104.00 45103 49373 48749 41052 45103 48749 49373 41052 5 6 9 3 2 6 6 0 9 5 0 0 0 0 
108.00 47498 45269 44002 45246 47498 44002 45269 45246 6 6 8 8 1 2 3 0 8 7 0 0 0 0 
112.00 50914 40198 40469 48045 50914 40469 40198 48045 4 7 4 4 4 3 5 0 5 8 0 0 0 0 
116.00 53526 35327 37389 51103 53526 37389 35327 51103 4 5 1 5 3 9 11 0 1 5 0 0 0 0 
120.00 55841 30547 33944 53427 55841 33944 30547 53427 2 3 1 7 4 5 4 0 1 2 0 0 0 0 
124.00 58199 27349 31033 56809 58199 31033 27349 56809 3 8 2 4 2 2 8 0 2 9 0 0 0 0 
128.00 59208 23780 28249 58933 59208 28249 23780 58933 3 6 2 3 3 2 5 0 2 5 0 0 0 0 
132.00 61023 21173 25988 60542 61023 25988 21173 60542 2 6 2 1 4 2 9 0 3 6 0 0 0 0 
136.00 61438 19129 24211 62963 61438 24211 19129 62963 2 7 0 3 3 2 3 0 1 7 0 0 0 0 
140.00 63486 18491 23218 64555 63486 23218 18491 64555 0 9 2 1 6 3 7 0 2 9 0 0 0 0 
144.00 63280 17985 22108 64374 63280 22108 17985 64374 5 8 1 2 5 2 5 0 0 10 0 0 0 0 
148.00 62460 19097 21713 65523 62460 21713 19097 65523 6 10 0 3 1 4 16 0 0 9 0 0 0 0 
152.00 60718 20139 21553 64749 60718 21553 20139 64749 2 7 1 6 1 5 4 0 1 6 0 0 0 0 
156.00 58938 22944 21185 63922 58938 21185 22944 63922 5 10 1 0 4 2 11 0 1 10 0 0 0 0 
160.00 57721 27311 21800 63634 57721 21800 27311 63634 1 2 1 1 0 4 11 0 0 3 0 0 0 0 
164.00 54177 31929 22060 62423 54177 22060 31929 62423 3 5 2 4 2 6 7 0 2 4 0 0 0 0 
168.00 50947 37481 22729 61278 50947 22729 37481 61278 7 6 2 5 0 7 8 0 2 6 0 0 0 0 
172.00 47993 43185 24103 60157 47993 24103 43185 60157 2 4 1 1 4 7 6 0 1 5 0 0 0 0 
176.00 44238 48716 25158 58148 44238 25158 48716 58148 4 13 4 2 2 5 3 0 2 13 0 0 0 0 
180.00 40350 54854 26246 57052 40350 26246 54854 57052 6 4 3 5 4 5 4 0 2 2 0 0 0 0 
184.00 36294 60931 27423 54699 36294 27423 60931 54699 5 7 11 6 2 5 4 0 10 6 0 0 0 0 
188.00 32903 66655 28998 53584 32903 28998 66655 53584 4 4 4 1 2 7 3 0 5 5 0 0 0 0 
192.00 29329 70799 30418 51883 29329 30418 70799 51883 2 0 5 4 1 6 3 0 6 0 0 0 0 0 
196.00 26068 72416 31821 49930 26068 31821 72416 49930 3 2 1 3 0 5 1 0 1 2 0 0 0 0 
200.00 25236 76363 34191 48950 25236 34191 76363 48950 5 1 4 1 0 14 2 0 5 0 0 0 0 0 
204.00 24788 77697 35866 47692 24788 35866 77697 47692 4 2 6 2 2 9 1 0 6 1 0 0 0 0 
208.00 24762 77799 37044 46703 24762 37044 77799 46703 5 0 4 3 3 9 1 0 3 0 0 0 0 0 
212.00 24905 74667 39448 45378 24905 39448 74667 45378 3 4 8 4 4 4 1 0 7 4 0 0 0 0 
216.00 26653 72738 42193 44042 26653 42193 72738 44042 5 2 11 3 2 3 2 0 8 2 0 0 0 0 
220.00 29504 69381 43785 43205 29504 43785 69381 43205 4 4 3 1 4 5 1 0 4 4 0 0 0 0 
224.00 32377 65167 46760 42157 32377 46760 65167 42157 6 2 7 8 3 6 4 0 8 2 0 0 0 0 
228.00 35485 60165 49091 41486 35485 49091 60165 41486 3 2 3 5 2 7 2 0 3 2 0 0 0 0 
232.00 39125 54734 51731 40122 39125 51731 54734 40122 2 2 7 3 10 6 1 0 7 2 0 0 0 0 
236.00 42574 47819 53822 38356 42574 53822 47819 38356 5 4 5 0 5 4 3 0 7 4 0 0 0 0 
240.00 46710 43077 57003 37502 46710 57003 43077 37502 2 1 5 4 5 1 3 0 5 0 0 0 0 0 
244.00 51116 37083 58974 35670 51116 58974 37083 35670 2 8 1 4 7 3 6 0 1 8 0 0 0 0 
248.00 53281 32673 62021 33660 53281 62021 32673 33660 4 2 8 3 6 2 5 0 8 3 0 0 0 0 
252.00 55790 28916 66440 31020 55790 66440 28916 31020 3 6 5 4 9 1 6 0 4 7 0 0 0 0 
256.00 59262 25337 69037 29266 59262 69037 25337 29266 2 5 4 5 5 1 2 0 5 5 0 0 0 0 
260.00 61693 22672 73301 27112 61693 73301 22672 27112 1 5 6 3 14 1 3 0 6 4 0 0 0 0 
264.00 62890 21134 76079 24871 62890 76079 21134 24871 2 4 5 3 11 1 3 0 5 3 0 0 0 0 
268.00 64104 19612 78967 22537 64104 78967 19612 22537 1 2 5 6 15 2 4 0 3 2 0 0 0 0 
272.00 64549 18912 81029 20907 64549 81029 18912 20907 2 2 3 0 8 0 2 0 2 2 0 0 0 0 
276.00 64147 19007 83685 19810 64147 83685 19007 19810 3 2 2 1 12 1 3 0 2 0 0 0 0 0 
280.00 63441 19430 85347 18426 63441 85347 19430 18426 1 1 5 5 10 3 2 0 5 2 0 0 0 0 
284.00 62578 20702 87307 17199 62578 87307 20702 17199 5 2 2 3 14 0 2 0 2 2 0 0 0 0 
288.00 60569 22277 87528 16585 60569 87528 22277 16585 3 4 7 3 11 2 2 0 6 4 0 0 0 0 
292.00 58757 24166 88322 16415 58757 88322 24166 16415 1 2 9 2 11 1 1 0 10 1 0 0 0 0 
296.00 56608 25689 87338 17137 56608 87338 25689 17137 3 1 5 3 5 1 2 0 6 1 0 0 0 0 
300.00 54697 28802 87275 17975 54697 87275 28802 17975 0 3 5 8 8 2 5 0 5 3 0 0 0 0 
304.00 52877 31158 84427 19494 52877 84427 31158 19494 2 0 1 4 14 0 0 0 2 0 0 0 0 0 
308.00 50282 34111 82368 21396 50282 82368 34111 21396 4 4 5 4 10 1 1 0 4 4 0 0 0 0 
312.00 46063 37120 78990 23313 46063 78990 37120 23313 2 1 7 6 8 2 1 0 7 1 0 0 0 0 
316.00 43253 38644 73662 26219 43253 73662 38644 26219 3 4 5 4 6 4 3 0 5 4 0 0 0 0 
320.00 42627 42275 69138 29503 42627 69138 42275 29503 6 1 8 5 4 5 3 0 7 1 0 0 0 0 
324.00 40701 46089 63425 33280 40701 63425 46089 33280 3 4 7 3 3 3 3 0 7 4 0 0 0 0 
328.00 38555 48771 57526 36819 38555 57526 48771 36819 2 4 5 8 6 6 3 0 4 4 0 0 0 0 
332.00 36781 51742 51959 40368 36781 51959 51742 40368 1 0 2 5 5 3 2 0 3 0 0 0 0 0 
336.00 35401 54490 45029 44979 35401 45029 54490 44979 6 7 7 5 1 10 8 0 8 9 0 0 0 0 
340.00 34593 56661 38667 48513 34593 38667 56661 48513 7 4 6 8 1 6 4 0 5 3 0 0 0 0 
344.00 33316 58331 32939 51945 33316 32939 58331 51945 4 1 2 0 4 7 2 0 2 1 0 0 0 0 
348.00 32018 60460 28283 54393 32018 28283 60460 54393 6 3 5 3 1 7 5 0 4 3 0 0 0 0 
352.00 31023 62060 25137 56339 31023 25137 62060 56339 2 6 2 4 1 3 3 0 2 6 0 0 0 0 
356.00 30533 64363 22645 57275 30533 22645 64363 57275 7 6 2 4 1 3 3 0 3 5 0 0 0 0 
360.00 29261 65397 21460 57043 29261 21460 65397 57043 3 4 4 5 1 8 5 0 4 3 0 0 0 0 
