0.00 10947 239381 7860 59821 10947 7860 239381 59821 86 23 44 36 11 119 13 12 83 27 0 0 0 0 
4.00 8664 242261 6146 60726 8664 6146 242261 60726 7 1 2 1 0 25 2 0 2 1 0 0 0 0 
8.00 6520 246948 5725 60942 6520 5725 246948 60942 4 0 5 0 0 26 0 0 5 0 0 0 0 0 
12.00 5959 246482 7005 59972 5959 7005 246482 59972 1 1 2 0 0 21 0 0 2 1 0 0 0 0 
16.00 4937 247295 9727 57744 4937 9727 247295 57744 3 2 4 1 0 36 1 0 4 1 0 0 0 0 
20.00 4231 248397 13024 54685 4231 13024 248397 54685 2 0 8 5 0 35 0 0 8 0 0 0 0 0 
24.00 4216 247122 18329 50499 4216 18329 247122 50499 3 0 13 1 0 17 0 0 9 0 0 0 0 0 
28.00 4721 246784 24578 45368 4721 24578 246784 45368 3 1 15 2 0 21 1 0 14 1 0 0 0 0 
32.00 6052 243893 30161 40376 6052 30161 243893 40376 7 0 15 2 0 23 0 0 21 0 0 0 0 0 
36.00 7092 242000 36957 34460 7092 36957 242000 34460 5 0 15 2 0 11 0 0 13 0 0 0 0 0 
40.00 8729 238857 43784 28486 8729 43784 238857 28486 3 0 20 1 2 14 0 0 22 0 0 0 0 0 
44.00 11053 235315 49867 23079 11053 49867 235315 23079 5 0 29 0 1 15 2 0 28 0 0 0 0 0 
48.00 12786 233217 55825 17973 12786 55825 233217 17973 6 1 21 1 0 3 1 0 24 1 0 0 0 0 
52.00 19295 225464 59346 14894 19295 59346 225464 14894 12 0 27 0 3 10 0 0 26 0 0 0 0 0 
56.00 23816 218124 62866 11379 23816 62866 218124 11379 10 1 25 2 0 5 0 0 25 1 0 0 0 0 
60.00 29180 211471 65008 8854 29180 65008 211471 8854 14 0 25 1 4 5 0 0 25 0 0 0 0 0 
64.00 35838 204794 67009 6903 35838 67009 204794 6903 11 1 32 1 7 4 1 0 34 1 0 0 0 0 
68.00 45440 193451 67539 6129 45440 67539 193451 6129 13 0 19 0 3 1 0 0 18 0 0 0 0 0 
72.00 52301 182461 66743 6020 52301 66743 182461 6020 15 0 25 1 9 3 1 0 23 0 0 0 0 0 
76.00 61091 172664 66327 6880 61091 66327 172664 6880 23 2 20 1 8 4 2 0 19 2 0 0 0 0 
80.00 70943 159802 63808 8414 70943 63808 159802 8414 28 0 17 1 7 5 2 0 18 0 0 0 0 0 
84.00 79777 150486 61048 11169 79777 61048 150486 11169 24 2 16 2 9 4 4 0 16 3 0 0 0 0 
88.00 94014 132355 58046 14200 94014 58046 132355 14200 25 0 16 1 10 3 0 0 12 0 0 0 0 0 
92.00 104538 118442 54317 17683 104538 54317 118442 17683 27 0 10 0 14 8 2 0 10 0 0 0 0 0 
96.00 120194 97450 51501 20717 120194 51501 97450 20717 26 5 8 2 14 4 4 0 9 4 0 0 0 0 
100.00 129959 85628 46498 25656 129959 46498 85628 25656 33 7 9 1 20 9 5 0 7 8 0 0 0 0 
104.00 141370 69423 42811 30962 141370 42811 69423 30962 22 7 3 3 7 5 8 0 3 6 0 0 0 0 
108.00 154267 54981 39404 35356 154267 39404 54981 35356 21 17 2 3 11 6 7 0 2 15 0 0 0 0 
112.00 163491 41290 36059 39508 163491 36059 41290 39508 16 12 4 1 11 6 11 0 4 10 0 0 0 0 
116.00 172132 27629 31391 44745 172132 31391 27629 44745 14 14 2 2 14 2 15 0 2 12 0 0 0 0 
120.00 179994 15741 29327 47677 179994 29327 15741 47677 9 21 1 3 8 1 19 0 0 20 0 0 0 0 
124.00 184892 9617 24814 53188 184892 24814 9617 53188 3 14 1 2 9 0 17 0 1 15 0 0 0 0 
128.00 186315 5029 20309 57919 186315 20309 5029 57919 1 20 0 2 5 1 14 0 0 22 0 0 0 0 
132.00 188528 2992 18009 60459 188528 18009 2992 60459 0 25 0 6 4 1 25 0 0 25 0 0 0 0 
136.00 185650 4769 15814 63229 185650 15814 4769 63229 1 24 0 0 3 1 23 0 0 23 0 0 0 0 
140.00 181301 11821 14002 64867 181301 14002 11821 64867 9 25 1 3 6 1 13 0 1 24 0 0 0 0 
144.00 175530 20515 11600 67032 175530 11600 20515 67032 5 18 0 1 5 1 22 0 0 19 0 0 0 0 
148.00 164176 34544 10512 68087 164176 10512 34544 68087 11 29 3 1 6 6 27 0 3 27 0 0 0 0 
152.00 149249 53756 9003 68448 149249 9003 53756 68448 21 22 1 1 3 7 13 0 1 23 0 0 0 0 
156.00 136644 69843 7383 68384 136644 7383 69843 68384 25 22 2 0 3 5 23 0 1 25 0 0 0 0 
160.00 118715 97127 7114 69098 118715 7114 97127 69098 27 21 2 0 0 19 19 0 2 21 0 0 0 0 
164.00 103713 118260 6200 67773 103713 6200 118260 67773 30 10 2 0 0 12 14 0 1 11 0 0 0 0 
168.00 84630 144552 6032 67181 84630 6032 144552 67181 21 14 3 0 1 27 14 0 3 15 0 0 0 0 
172.00 70187 165303 5543 66063 70187 5543 165303 66063 13 7 2 3 0 22 3 0 2 8 0 0 0 0 
176.00 52990 186786 5980 64079 52990 5980 186786 64079 21 8 2 1 2 22 9 0 2 7 0 0 0 0 
180.00 35465 211423 5997 62769 35465 5997 211423 62769 17 3 3 1 0 34 3 0 3 3 0 0 0 0 
184.00 25648 226466 6635 61246 25648 6635 226466 61246 13 0 3 0 0 29 2 0 2 0 0 0 0 0 
188.00 14253 239934 7173 59669 14253 7173 239934 59669 8 1 4 1 0 32 2 0 4 1 0 0 0 0 
192.00 7397 248640 7885 58486 7397 7885 248640 58486 7 1 2 1 0 29 0 0 3 1 0 0 0 0 
196.00 4458 249579 8735 57582 4458 8735 249579 57582 2 1 6 3 0 24 0 0 6 1 0 0 0 0 
200.00 6784 247731 9494 57006 6784 9494 247731 57006 9 0 6 0 0 31 0 0 5 0 0 0 0 0 
204.00 12703 240112 10217 57522 12703 10217 240112 57522 4 3 6 2 1 32 1 0 7 3 0 0 0 0 
208.00 22832 228759 11523 56912 22832 11523 228759 56912 9 4 8 0 0 26 3 0 7 6 0 0 0 0 
212.00 35348 208562 12755 56392 35348 12755 208562 56392 17 2 7 2 0 18 2 0 7 2 0 0 0 0 
216.00 49042 189877 14569 55211 49042 14569 189877 55211 28 8 8 1 4 22 8 0 8 8 0 0 0 0 
220.00 65674 168633 16227 55744 65674 16227 168633 55744 27 7 3 2 3 23 6 0 4 7 0 0 0 0 
224.00 83605 145525 19356 54349 83605 19356 145525 54349 20 14 6 2 2 12 10 0 6 13 0 0 0 0 
228.00 103478 119553 21406 53925 103478 21406 119553 53925 29 9 8 6 4 11 7 0 7 7 0 0 0 0 
232.00 120036 97152 23257 53139 120036 23257 97152 53139 28 15 7 1 5 10 6 0 6 15 0 0 0 0 
236.00 136818 72001 24527 52035 136818 24527 72001 52035 26 16 4 0 4 4 20 0 4 18 0 0 0 0 
240.00 154930 49960 25828 51222 154930 25828 49960 51222 27 17 5 2 10 4 21 0 3 17 0 0 0 0 
244.00 167177 34736 29280 48194 167177 29280 34736 48194 12 14 4 4 9 4 19 0 4 14 0 0 0 0 
248.00 176417 21799 32874 44772 176417 32874 21799 44772 6 19 2 2 16 3 18 0 2 22 0 0 0 0 
252.00 183642 11570 35348 41152 183642 35348 11570 41152 4 21 1 4 14 0 14 0 1 22 0 0 0 0 
256.00 189616 5800 39547 37470 189616 39547 5800 37470 4 16 0 2 20 1 13 0 0 18 0 0 0 0 
260.00 192836 3101 42697 33933 192836 42697 3101 33933 4 16 0 3 22 0 9 0 1 17 0 0 0 0 
264.00 192016 3730 46798 29628 192016 46798 3730 29628 3 16 0 4 9 1 13 0 0 19 0 0 0 0 
268.00 189892 7035 50521 25412 189892 50521 7035 25412 2 11 0 6 20 0 12 0 1 12 0 0 0 0 
272.00 184791 13860 53757 21450 184791 53757 13860 21450 5 5 0 2 18 2 4 0 0 5 0 0 0 0 
276.00 178522 23373 57211 18157 178522 57211 23373 18157 10 8 5 1 21 1 13 0 6 8 0 0 0 0 
280.00 166970 37269 60179 15225 166970 60179 37269 15225 20 6 3 2 16 0 6 0 4 6 0 0 0 0 
284.00 158946 48126 63678 12275 158946 63678 48126 12275 16 2 5 1 21 1 2 0 4 2 0 0 0 0 
288.00 145168 63760 65316 10356 145169 65316 63760 10356 21 2 11 1 21 0 5 0 10 2 0 0 0 0 
292.00 137775 70928 67926 8163 137775 67926 70928 8163 17 2 5 3 14 2 2 0 6 2 0 0 0 0 
296.00 129268 84453 69764 7130 129268 69764 84453 7130 23 0 17 2 27 4 0 0 17 0 0 0 0 0 
300.00 114225 103098 69936 6790 114225 69936 103098 6790 24 1 20 0 14 1 0 0 19 1 0 0 0 0 
304.00 100227 120015 70783 6748 100227 70783 120015 6748 25 0 14 0 8 4 3 0 15 0 0 0 0 0 
308.00 88036 135944 69619 7860 88036 69619 135944 7860 20 0 29 0 19 1 1 0 27 0 0 0 0 0 
312.00 74198 147502 67416 9407 74198 67415 147502 9407 19 1 22 0 9 2 5 0 22 2 0 0 0 0 
316.00 64640 158062 64288 11739 64640 64288 158062 11739 12 4 22 5 6 4 0 0 19 3 0 0 0 0 
320.00 55432 175039 62927 14590 55432 62927 175039 14590 21 1 30 5 8 5 1 0 30 1 0 0 0 0 
324.00 48154 185500 57546 19183 48154 57546 185500 19183 16 2 34 1 6 7 1 0 32 2 0 0 0 0 
328.00 39363 197711 51915 23746 39363 51915 197711 23746 18 1 24 2 5 6 3 0 22 2 0 0 0 0 
332.00 33068 204426 47065 28054 33068 47065 204426 28054 23 1 18 4 1 10 3 0 15 1 0 0 0 0 
336.00 26207 214344 41634 32212 26207 41634 214344 32212 12 2 22 4 3 17 2 0 22 1 0 0 0 0 
340.00 22645 218277 34407 38271 22645 34407 218277 38271 11 2 15 3 2 15 3 0 13 3 0 0 0 0 
344.00 19763 223455 27559 43027 19763 27559 223455 43027 8 2 13 2 4 16 2 0 13 2 0 0 0 0 
348.00 16555 227797 20401 49132 16555 20401 227797 49132 13 0 15 2 0 16 2 0 14 0 0 0 0 0 
352.00 13498 233702 15895 53095 13498 15895 233702 53095 5 3 8 3 0 19 3 0 7 3 0 0 0 0 
356.00 11452 237116 11257 56438 11452 11257 237116 56438 4 0 6 1 0 35 0 0 6 0 0 0 0 0 
360.00 9036 239621 8046 58765 9036 8046 239621 58765 7 1 2 0 0 28 1 0 1 1 0 0 0 0 
