12.96 320675 117381 406549 294754 320675 406549 118445 294754 1544 4806 2163 4559 5976 1948 102 0 2237 4794 0 0 0 0 
13.02 329732 122560 415137 295151 329732 415137 123736 295151 1670 5065 2410 4758 6237 2116 86 0 2507 5066 0 0 0 0 
13.08 339430 126365 423124 295751 339430 423124 127548 295751 1726 5278 2591 5098 6743 2250 124 0 2669 5273 0 0 0 0 
13.14 348970 129593 429982 296885 348970 429982 130959 296885 1835 5742 2611 5194 7018 2399 105 0 2701 5738 0 0 0 0 
13.20 355910 134124 438835 297327 355910 438835 135428 297327 1883 5976 2824 5590 7389 2482 117 0 2918 5973 0 0 0 0 
13.26 365784 137115 445488 297368 365784 445488 138426 297368 2017 6166 2997 5878 7707 2550 127 0 3098 6169 0 0 0 0 
13.32 374340 141067 453965 298360 374340 453965 142523 298360 2111 6583 3121 6052 8292 2694 102 0 3226 6578 0 0 0 0 
13.38 383276 145331 460213 300227 383276 460213 146789 300227 2202 6968 3070 6366 8786 2805 121 0 3188 6959 0 0 0 0 
13.44 390720 147716 468352 299845 390720 468352 149285 299845 2348 7064 3297 6574 8874 3041 134 0 3408 7064 0 0 0 0 
13.50 397645 152373 474015 300179 397645 474015 154010 300179 2414 7393 3541 6894 9130 3119 134 0 3679 7392 0 0 0 0 
13.56 405069 153757 480357 301763 405069 480357 155387 301763 2475 7678 3485 7273 9523 3215 128 0 3609 7671 0 0 0 0 
13.62 409181 156810 484212 301457 409181 484212 158639 301457 2765 7590 3511 7751 10191 3437 123 0 3634 7590 0 0 0 0 
13.64 410406 156719 486267 302388 410406 486267 158453 302388 2778 7596 3466 7787 10232 3351 118 0 3568 7591 0 0 0 0 
13.66 412380 158096 487402 303100 412380 487402 159870 303100 2806 7713 3612 8020 10672 3489 154 0 3738 7715 0 0 0 0 
13.68 412570 160099 488578 303702 412570 488579 161875 303702 2745 7834 3742 7603 10476 3521 143 0 3881 7836 0 0 0 0 
13.70 414885 159463 490373 303818 414885 490373 161270 303818 2697 8108 3828 7610 9957 3248 123 0 3976 8101 0 0 0 0 
13.72 414302 158339 488718 303316 414302 488718 160045 303316 2358 8517 4250 7218 9064 3206 116 0 4397 8510 0 0 0 0 
13.74 415103 158263 490390 304606 415103 490390 159823 304606 2042 9086 4594 6704 7947 3140 130 0 4742 9085 0 0 0 0 
13.76 416711 160509 489726 303180 416711 489726 161853 303180 1696 9567 5151 5976 6357 2978 155 0 5315 9574 0 0 0 0 
13.78 417179 159501 490495 303784 417179 490495 160785 303784 1274 10301 5577 5397 4828 2912 149 0 5779 10307 0 0 0 0 
13.80 417450 161094 490233 304014 417450 490233 162312 304014 966 10835 6111 4694 3297 2834 126 0 6334 10830 0 0 0 0 
13.82 416220 162573 490216 303588 416220 490216 163647 303588 743 10954 6379 4416 2125 2632 134 0 6606 10952 0 0 0 0 
13.84 416458 160681 490455 304475 416458 490455 161613 304475 583 11348 6564 4241 1393 2587 134 0 6795 11349 0 0 0 0 
13.86 416477 161348 490372 304110 416477 490372 162332 304110 583 11234 6496 4200 1464 2567 137 0 6716 11230 0 0 0 0 
13.88 417433 161857 491742 304159 417433 491742 162941 304159 835 10955 6242 4489 2075 2713 120 0 6449 10957 0 0 0 0 
13.90 416881 163187 491767 306044 416881 491767 164475 306044 1177 10666 5975 5078 3465 2911 142 0 6181 10665 0 0 0 0 
13.92 419028 162287 492369 304678 419028 492369 163735 304678 1536 10073 5395 5867 5156 3017 128 0 5593 10066 0 0 0 0 
13.94 419095 161168 493498 305011 419095 493498 162724 305011 1958 9634 4789 6801 7120 3228 117 0 4984 9630 0 0 0 0 
13.96 418477 162175 493571 304826 418477 493571 163828 304826 2355 8695 4400 7189 8434 3368 134 0 4534 8697 0 0 0 0 
13.98 417424 161398 494444 305962 417424 494444 163255 305962 2686 8138 4077 7595 9829 3543 126 0 4210 8139 0 0 0 0 
14.00 418118 160540 492688 305307 418118 492688 162408 305307 2815 8125 3707 8055 10787 3587 129 0 3833 8129 0 0 0 0 
14.02 415250 160586 493291 305314 415250 493291 162482 305314 2906 7972 3572 8136 11304 3489 104 0 3708 7964 0 0 0 0 
14.04 414492 161061 490877 304909 414492 490877 163017 304909 2892 8063 3540 7973 11132 3567 134 0 3685 8060 0 0 0 0 
14.06 412588 161212 490568 305471 412588 490568 163127 305471 2802 7958 3648 8051 11020 3581 128 0 3778 7953 0 0 0 0 
14.08 410668 157577 487045 304163 410668 487045 159462 304163 2778 7846 3569 7715 10586 3374 121 0 3717 7832 0 0 0 0 
14.10 408747 158757 486749 305152 408747 486749 160555 305152 2610 7998 3875 7656 10200 3482 131 0 4040 7992 0 0 0 0 
14.16 401897 154414 481896 305108 401897 481896 156117 305108 2524 7772 3646 7448 9677 3281 137 0 3772 7770 0 0 0 0 
14.22 394164 152370 473886 304389 394164 473886 154040 304389 2501 7449 3543 7391 9512 3177 133 0 3650 7446 0 0 0 0 
14.28 384427 147593 466364 302697 384427 466364 149193 302697 2337 7018 3301 7059 9067 3016 132 0 3438 7013 0 0 0 0 
14.34 374724 144446 458873 301801 374724 458873 145977 301801 2177 6701 3206 6626 8781 2889 127 0 3320 6694 0 0 0 0 
14.40 368682 139591 451198 301161 368682 451198 141016 301161 2122 6472 2969 6249 8263 2758 112 0 3092 6474 0 0 0 0 
14.46 357099 137695 442705 301362 357099 442705 139112 301362 2062 6114 3013 5961 7828 2639 103 0 3116 6108 0 0 0 0 
14.52 349984 132616 437211 300863 349984 437211 133965 300863 2037 5859 2774 5491 7301 2512 111 0 2868 5863 0 0 0 0 
14.58 340968 127523 427933 298724 340968 427933 128783 298724 1818 5487 2538 5130 7015 2281 119 0 2649 5484 0 0 0 0 
14.64 330063 125766 419821 297900 330063 419821 126861 297900 1626 5300 2497 4774 6446 2211 88 0 2587 5300 0 0 0 0 
14.70 324460 120528 412186 298252 324460 412186 121657 298252 1646 5073 2349 4725 6097 2048 103 0 2434 5069 0 0 0 0 
14.76 314146 115545 404522 297061 314146 404522 116448 297061 1383 4442 2110 4277 5701 1913 86 0 2181 4433 0 0 0 0 
