0.00 4226 233008 44428 9281 4226 44428 233008 9281 0 0 32 1 0 5 0 0 28 0 0 0 0 0 
4.00 5769 271655 54356 8384 5769 54356 271655 8384 2 1 35 1 0 3 1 0 33 1 0 0 0 0 
8.00 6688 272545 56832 6199 6688 56832 272545 6199 3 0 41 1 0 3 0 0 36 0 0 0 0 0 
12.00 9200 268352 57459 5146 9200 57459 268352 5146 4 0 40 1 1 2 0 0 34 0 0 0 0 0 
16.00 10665 267025 57536 4541 10665 57536 267025 4541 7 0 32 0 3 3 0 0 34 0 0 0 0 0 
20.00 13610 263228 56390 5063 13610 56390 263228 5063 8 0 36 0 0 2 1 0 36 0 0 0 0 0 
24.00 15471 261898 54062 7070 15471 54062 261898 7070 12 1 25 0 3 2 0 0 24 1 0 0 0 0 
28.00 18274 259824 50616 9511 18274 50616 259824 9511 10 1 29 0 2 3 0 0 29 1 0 0 0 0 
32.00 21825 256267 46016 13156 21825 46016 256267 13156 14 2 25 0 0 7 0 0 26 2 0 0 0 0 
36.00 25769 252300 41060 16999 25769 41060 252300 16999 16 0 27 1 6 12 0 0 22 0 0 0 0 0 
40.00 32691 243134 36657 21190 32691 36657 243134 21190 18 0 22 2 4 19 1 0 24 0 0 0 0 0 
44.00 38559 236617 31697 25502 38559 31697 236617 25502 17 2 14 2 5 10 0 0 12 2 0 0 0 0 
48.00 43609 230003 26384 30496 43609 26384 230003 30496 18 2 10 0 3 12 3 0 11 1 0 0 0 0 
52.00 51568 219064 21869 34904 51568 21869 219064 34904 28 4 11 5 0 15 3 0 7 4 0 0 0 0 
56.00 61056 207118 17338 39203 61056 17338 207118 39203 35 8 8 1 5 18 5 0 8 6 0 0 0 0 
60.00 70032 196340 13954 43285 70032 13954 196340 43285 34 6 8 2 2 16 10 0 7 5 0 0 0 0 
64.00 78591 184749 10345 47052 78591 10345 184749 47052 25 9 2 2 4 21 3 0 2 9 0 0 0 0 
68.00 89529 170503 7804 50332 89529 7804 170503 50332 43 12 2 0 0 19 8 0 3 12 0 0 0 0 
72.00 96244 160056 5874 52979 96244 5874 160056 52979 32 13 3 1 0 14 13 0 4 12 0 0 0 0 
76.00 107667 144465 5010 54761 107667 5010 144465 54761 32 16 3 0 0 16 15 0 3 15 0 0 0 0 
80.00 120097 128650 4711 55954 120097 4711 128650 55954 31 14 3 2 1 11 17 0 3 17 0 0 0 0 
84.00 133043 110767 4953 57083 133043 4953 110767 57083 36 12 3 1 0 18 16 0 3 10 0 0 0 0 
88.00 144649 95515 6232 56668 144649 6232 95515 56668 29 14 1 0 0 14 20 0 1 14 0 0 0 0 
92.00 156492 80955 7842 55368 156492 7842 80955 55368 26 28 3 0 3 5 21 0 3 28 0 0 0 0 
96.00 167908 65817 9981 54114 167908 9981 65817 54114 24 17 1 0 3 4 18 0 1 18 0 0 0 0 
100.00 179463 51158 12522 51688 179463 12522 51158 51688 17 27 0 0 4 5 24 0 0 24 0 0 0 0 
104.00 191499 36178 14969 49443 191499 14969 36178 49443 14 20 1 1 6 3 19 0 1 21 0 0 0 0 
108.00 201762 24113 17731 47401 201762 17731 24113 47401 12 20 0 5 12 1 12 0 0 19 0 0 0 0 
112.00 211305 13327 19987 44380 211305 19987 13327 44380 8 20 0 2 12 0 18 0 0 21 0 0 0 0 
116.00 215122 7100 23288 41265 215122 23288 7100 41265 4 23 0 5 9 0 17 0 0 19 0 0 0 0 
120.00 219417 3822 26601 37207 219417 26601 3822 37207 0 13 0 1 10 0 17 0 0 12 0 0 0 0 
124.00 219219 3872 29641 34318 219219 29641 3872 34318 1 19 0 2 14 1 14 0 2 17 0 0 0 0 
128.00 214891 7629 32788 30227 214891 32788 7629 30227 3 7 2 5 10 0 12 0 2 7 0 0 0 0 
132.00 211147 13678 36167 26852 211147 36167 13678 26852 3 20 1 3 16 1 16 0 1 18 0 0 0 0 
136.00 202559 24267 39240 23384 202559 39240 24267 23384 12 8 3 3 17 2 11 0 3 13 0 0 0 0 
140.00 193911 37715 42280 20054 193911 42280 37715 20054 21 2 2 2 18 2 6 0 4 3 0 0 0 0 
144.00 179985 55069 45371 17446 179985 45371 55069 17446 19 6 4 2 19 3 5 0 4 7 0 0 0 0 
148.00 161351 79676 46683 15460 161351 46683 79676 15460 25 4 7 0 9 1 6 0 7 5 0 0 0 0 
152.00 142749 101517 49142 12908 142749 49142 101517 12908 27 3 14 0 15 3 0 0 14 4 0 0 0 0 
156.00 125085 125013 50891 10961 125085 50891 125013 10961 33 1 11 2 11 0 3 0 12 2 0 0 0 0 
160.00 105173 151786 53422 9542 105173 53422 151786 9542 34 2 19 2 10 4 1 0 17 1 0 0 0 0 
164.00 83525 179618 54500 8238 83525 54500 179618 8238 35 1 18 1 11 2 3 0 16 3 0 0 0 0 
168.00 60322 208677 54838 7387 60322 54838 208677 7387 26 0 24 0 6 1 1 0 23 0 0 0 0 0 
172.00 46706 225502 56467 6069 46706 56467 225502 6069 23 1 15 0 4 3 0 0 18 1 0 0 0 0 
176.00 31432 244001 57206 5425 31432 57206 244001 5425 18 0 24 2 5 3 0 0 23 0 0 0 0 0 
180.00 18562 261983 57716 5071 18562 57716 261983 5071 6 0 31 2 1 2 1 0 30 0 0 0 0 0 
184.00 9904 273677 58013 4750 9904 58013 273677 4750 9 0 28 0 3 3 0 0 28 0 0 0 0 0 
188.00 5979 278426 58567 4403 5979 58567 278426 4403 5 0 46 0 0 2 0 0 43 0 0 0 0 0 
192.00 6522 277187 57971 4455 6522 57971 277187 4455 9 1 29 0 1 5 0 0 31 1 0 0 0 0 
196.00 11871 265257 56983 4460 11871 56983 265257 4460 4 0 35 0 2 2 0 0 38 0 0 0 0 0 
200.00 23989 252392 58021 4701 23989 58021 252392 4701 11 0 29 2 1 5 0 0 32 0 0 0 0 0 
204.00 36639 239037 57526 4874 36639 57526 239037 4874 22 0 19 1 5 2 1 0 20 0 0 0 0 0 
208.00 54863 216442 56692 5179 54863 56692 216442 5179 23 0 26 2 2 3 0 0 26 0 0 0 0 0 
212.00 73754 191002 55847 5583 73754 55847 191002 5583 26 0 22 0 9 2 1 0 23 0 0 0 0 0 
216.00 94188 165604 54883 6453 94188 54883 165604 6453 33 2 12 0 14 4 0 0 12 2 0 0 0 0 
220.00 119652 133979 54637 7112 119652 54637 133979 7112 29 1 14 0 16 2 0 0 13 1 0 0 0 0 
224.00 139860 108440 53431 8360 139860 53431 108440 8360 38 4 11 1 15 0 6 0 10 4 0 0 0 0 
228.00 158874 82969 52494 9522 158874 52494 82969 9522 25 4 9 3 22 1 4 0 9 4 0 0 0 0 
232.00 176629 60294 50573 11339 176629 50573 60294 11339 35 4 3 0 23 1 2 0 3 5 0 0 0 0 
236.00 190038 40754 49164 13306 190038 49164 40754 13306 20 4 1 0 26 1 1 0 1 4 0 0 0 0 
240.00 202517 24962 47695 15360 202517 47695 24962 15360 10 4 1 2 21 2 8 0 1 5 0 0 0 0 
244.00 211518 13397 45845 17951 211518 45845 13397 17951 4 12 4 3 23 0 13 0 4 11 0 0 0 0 
248.00 215767 6299 43779 20775 215767 43779 6299 20775 2 9 2 0 10 1 7 0 2 9 0 0 0 0 
252.00 217580 3391 40933 24475 217580 40933 3391 24475 3 13 0 1 22 0 13 0 0 17 0 0 0 0 
256.00 216029 4323 38648 27560 216029 38648 4323 27560 0 9 0 0 18 0 15 0 0 10 0 0 0 0 
260.00 211452 8801 35807 30375 211452 35807 8801 30375 4 13 0 1 16 0 14 0 0 13 0 0 0 0 
264.00 203473 17561 33506 33019 203473 33506 17561 33019 12 7 3 3 17 0 11 0 3 4 0 0 0 0 
268.00 196502 27721 29764 37444 196502 29764 27721 37444 20 13 2 1 7 2 12 0 2 13 0 0 0 0 
272.00 185339 42234 26698 40389 185339 26698 42234 40389 20 16 3 2 5 4 23 0 1 15 0 0 0 0 
276.00 175110 55754 23251 43718 175110 23251 55754 43718 21 14 2 3 5 5 7 0 2 13 0 0 0 0 
280.00 159906 75864 20404 45806 159906 20404 75864 45806 16 10 6 2 3 9 12 0 5 8 0 0 0 0 
284.00 141631 99112 18262 46811 141631 18262 99112 46811 30 21 4 2 7 7 12 0 5 19 0 0 0 0 
288.00 129615 115404 14884 49606 129615 14884 115404 49606 41 12 5 0 5 14 8 0 4 12 0 0 0 0 
292.00 113402 134036 12281 50447 113402 12281 134036 50447 44 11 1 2 5 12 6 0 1 11 0 0 0 0 
296.00 98913 154534 10121 51679 98913 10121 154534 51679 36 10 7 1 3 16 13 0 8 9 0 0 0 0 
300.00 87226 172030 7828 52516 87226 7828 172030 52516 21 11 3 0 0 18 10 0 3 7 0 0 0 0 
304.00 76139 187201 6317 52871 76139 6317 187201 52871 27 10 2 0 2 20 8 0 2 9 0 0 0 0 
308.00 63610 203577 5559 52415 63610 5559 203577 52415 25 3 2 2 3 31 7 0 1 4 0 0 0 0 
312.00 50879 217770 5483 50884 50879 5483 217770 50884 20 5 1 0 0 24 9 0 1 5 0 0 0 0 
316.00 41672 226381 6252 49553 41672 6252 226381 49553 21 4 2 3 0 25 6 0 2 3 0 0 0 0 
320.00 35542 239213 7677 47784 35542 7677 239213 47784 18 3 2 0 0 23 3 0 2 2 0 0 0 0 
324.00 28855 250064 10000 45965 28855 10000 250064 45965 20 3 5 0 2 22 5 0 5 3 0 0 0 0 
328.00 22540 257295 13081 43287 22540 13081 257295 43287 14 1 6 0 1 20 3 0 6 0 0 0 0 0 
332.00 17567 261891 17147 39295 17567 17147 261891 39295 7 1 10 2 1 25 0 0 9 1 0 0 0 0 
336.00 14168 265718 21075 35721 14168 21075 265718 35721 6 0 13 0 2 27 0 0 14 0 0 0 0 0 
340.00 11262 268821 26607 31783 11262 26607 268821 31783 3 2 15 1 0 18 0 0 15 2 0 0 0 0 
344.00 9244 269226 32748 26394 9244 32748 269226 26394 4 0 21 2 0 18 0 0 21 0 0 0 0 0 
348.00 7152 271923 37486 22224 7152 37486 271923 22224 4 1 20 0 2 12 1 0 19 0 0 0 0 0 
352.00 5813 273384 42828 18129 5813 42828 273384 18129 4 0 20 0 1 14 0 0 21 0 0 0 0 0 
356.00 4995 274419 47266 14332 4995 47266 274419 14332 3 0 27 4 1 14 0 0 27 0 0 0 0 0 
360.00 4649 273380 51637 10457 4649 51637 273380 10457 3 0 28 2 0 9 0 0 29 0 0 0 0 0 
