0.00 9283 107093 87805 23239 9283 87805 107093 23239 2 2 20 2 1 9 1 0 21 1 0 0 0 0 
4.00 10316 105083 93435 17460 10316 93435 105083 17460 2 1 19 5 1 3 0 0 19 1 0 0 0 0 
8.00 11746 103292 98590 12620 11746 98590 103292 12620 6 1 20 6 2 6 3 0 23 1 0 0 0 0 
12.00 13812 100806 102634 9200 13812 102634 100806 9200 3 0 30 1 6 3 0 0 25 0 0 0 0 0 
16.00 15772 98627 103279 7620 15772 103279 98627 7620 3 0 15 2 4 3 0 0 14 0 0 0 0 0 
20.00 17836 96225 103479 7338 17836 103479 96225 7338 5 0 19 2 4 1 0 0 21 0 0 0 0 0 
24.00 20858 93492 101611 9119 20858 101611 93492 9119 1 0 19 3 6 4 0 0 21 0 0 0 0 0 
28.00 22409 91788 96839 13233 22409 96839 91788 13233 3 1 10 5 4 4 0 0 8 1 0 0 0 0 
32.00 24953 89231 90931 19185 24953 90931 89231 19185 5 2 10 4 5 2 0 0 11 3 0 0 0 0 
36.00 27595 85725 82818 25401 27595 82818 85725 25401 8 2 20 2 1 4 4 0 21 1 0 0 0 0 
40.00 31050 81922 75539 33034 31050 75539 81922 33034 5 2 10 5 5 2 3 0 13 2 0 0 0 0 
44.00 35987 76291 67302 40165 35987 67302 76291 40165 9 3 10 4 12 8 3 0 11 4 0 0 0 0 
48.00 39124 72557 58268 49275 39124 58268 72557 49275 4 7 6 7 1 7 5 0 7 7 0 0 0 0 
52.00 43344 67561 50324 57171 43344 50324 67561 57171 5 5 6 8 5 5 8 0 4 6 0 0 0 0 
56.00 45775 63131 40609 66291 45775 40609 63131 66291 9 7 9 6 4 5 7 0 7 6 0 0 0 0 
60.00 51085 57684 33008 74447 51085 33008 57684 74447 4 9 3 5 0 10 6 0 3 9 0 0 0 0 
64.00 57082 51226 27788 80261 57082 27788 51226 80261 4 8 6 7 5 10 5 0 6 8 0 0 0 0 
68.00 60622 46846 21362 87604 60622 21362 46846 87604 6 10 1 6 0 9 13 0 2 11 0 0 0 0 
72.00 65100 40729 16191 92968 65100 16191 40729 92968 7 12 0 5 1 6 11 0 0 12 0 0 0 0 
76.00 69081 35096 12025 97833 69081 12025 35096 97833 5 10 0 1 3 7 11 0 0 10 0 0 0 0 
80.00 73273 29358 9834 99710 73273 9834 29358 99710 5 18 0 0 2 4 21 0 0 13 0 0 0 0 
84.00 78350 23152 8777 102069 78350 8777 23152 102069 3 15 0 1 3 5 19 0 0 15 0 0 0 0 
88.00 80856 19377 8949 102347 80856 8949 19377 102347 4 16 1 3 1 4 19 0 1 14 0 0 0 0 
92.00 84246 14972 10309 101052 84246 10309 14972 101052 2 15 0 2 1 4 18 0 0 17 0 0 0 0 
96.00 88181 10278 12174 100049 88181 12174 10278 100049 0 21 0 4 2 4 23 0 0 19 0 0 0 0 
100.00 91330 6857 15305 97289 91330 15305 6857 97289 1 11 0 1 3 3 12 0 0 10 0 0 0 0 
104.00 93601 4031 17678 95203 93601 17678 4031 95203 0 27 0 0 3 0 16 0 0 27 0 0 0 0 
108.00 91604 2886 22894 88968 91604 22894 2886 88968 0 10 0 6 2 0 10 0 0 12 0 0 0 0 
112.00 92728 3204 25534 86369 92728 25534 3204 86369 1 24 0 6 4 1 10 0 0 24 0 0 0 0 
116.00 93335 5027 30266 81595 93335 30266 5027 81595 1 15 0 7 3 1 18 0 0 15 0 0 0 0 
120.00 92703 7995 35570 75952 92703 35570 7995 75952 5 10 1 9 7 2 8 0 1 8 0 0 0 0 
124.00 90039 12179 41905 69652 90039 41905 12179 69652 2 8 1 9 6 4 12 0 1 9 0 0 0 0 
128.00 84524 18154 46138 64289 84524 46138 18154 64289 5 12 2 5 8 2 11 0 2 12 0 0 0 0 
132.00 80600 23190 52736 57304 80600 52736 23190 57304 4 12 0 3 12 2 14 0 0 14 0 0 0 0 
136.00 73854 32251 56047 53793 73854 56047 32251 53793 6 11 6 7 7 2 8 0 6 12 0 0 0 0 
140.00 65949 40062 61390 46842 65949 61390 40062 46842 1 6 5 10 11 3 7 0 4 6 0 0 0 0 
144.00 59419 48943 66764 42702 59419 66764 48943 42702 8 8 8 10 8 2 6 0 8 7 0 0 0 0 
148.00 50684 59239 70368 38772 50684 70368 59239 38772 7 6 12 3 6 3 2 0 13 5 0 0 0 0 
152.00 42448 68208 74752 33664 42448 74752 68208 33664 9 5 12 1 9 9 1 0 12 4 0 0 0 0 
156.00 35977 75087 79857 28156 35977 79857 75087 28156 2 5 14 5 6 3 0 0 10 5 0 0 0 0 
160.00 27208 86174 83094 25697 27208 83094 86174 25697 4 1 14 6 8 2 1 0 14 1 0 0 0 0 
164.00 21591 92498 87728 20701 21591 87728 92498 20701 4 3 13 3 0 5 1 0 11 4 0 0 0 0 
168.00 16332 97891 91461 17245 16332 91461 97891 17245 6 0 20 3 3 5 0 0 19 0 0 0 0 0 
172.00 12286 102342 93529 14631 12286 93529 102342 14631 2 0 9 0 2 4 0 0 14 0 0 0 0 0 
176.00 8825 106103 96960 12864 8825 96960 106103 12864 2 1 15 3 0 3 1 0 12 1 0 0 0 0 
180.00 6881 107592 97815 11358 6881 97815 107592 11358 1 0 25 2 5 1 0 0 23 0 0 0 0 0 
184.00 6868 108284 99013 10488 6868 99013 108284 10488 3 0 24 2 2 0 0 0 23 0 0 0 0 0 
188.00 8355 106087 101321 8913 8355 101321 106087 8913 3 1 16 2 1 1 0 0 15 1 0 0 0 0 
192.00 12668 100722 101571 8333 12668 101571 100722 8333 1 1 16 1 2 3 0 0 15 1 0 0 0 0 
196.00 17472 95403 102647 7770 17472 102647 95403 7770 4 0 15 0 5 1 1 0 16 0 0 0 0 0 
200.00 24673 86659 103231 7363 24673 103231 86659 7363 7 0 20 1 5 1 2 0 17 0 0 0 0 0 
204.00 30848 79983 104359 7362 30848 104359 79983 7362 8 0 15 6 9 1 0 0 15 0 0 0 0 0 
208.00 39583 69807 103919 7426 39583 103919 69807 7426 7 2 11 3 9 1 2 0 9 1 0 0 0 0 
212.00 48343 59105 102898 7944 48343 102898 59105 7944 4 0 12 2 12 1 0 0 15 0 0 0 0 0 
216.00 57832 48058 101806 8585 57832 101806 48058 8585 11 1 8 2 23 0 2 0 9 1 0 0 0 0 
220.00 67210 37568 101914 9831 67210 101914 37568 9831 8 5 8 3 15 0 1 0 9 5 0 0 0 0 
224.00 73403 30117 99082 11708 73403 99082 30117 11708 9 0 11 3 14 1 2 0 11 0 0 0 0 0 
228.00 79478 22207 97688 13844 79478 97688 22207 13844 0 2 6 2 22 2 3 0 5 2 0 0 0 0 
232.00 85664 15109 94647 16332 85664 94647 15109 16332 2 3 3 6 17 1 2 0 3 3 0 0 0 0 
236.00 89728 8838 93536 18525 89728 93536 8838 18525 1 2 2 7 12 0 2 0 2 2 0 0 0 0 
240.00 93801 5466 90669 22131 93801 90669 5466 22131 1 7 0 7 16 0 5 0 0 7 0 0 0 0 
244.00 95119 3678 87643 25486 95119 87643 3678 25486 1 3 1 5 13 0 5 0 1 4 0 0 0 0 
248.00 95652 3383 82972 29610 95652 82972 3383 29610 0 13 0 5 16 0 8 0 1 12 0 0 0 0 
252.00 94414 4498 78955 35087 94414 78955 4498 35087 0 9 1 7 17 1 6 0 1 7 0 0 0 0 
256.00 91149 6892 73568 39650 91149 73568 6892 39650 1 9 2 5 14 0 8 0 2 8 0 0 0 0 
260.00 87517 10876 67989 45395 87517 67989 10876 45395 1 13 1 7 13 0 9 0 1 13 0 0 0 0 
264.00 83921 15801 62972 51123 83921 62972 15801 51123 4 7 3 8 11 0 11 0 3 6 0 0 0 0 
268.00 77723 21755 58143 55267 77723 58143 21755 55267 2 9 5 3 13 4 8 0 5 11 0 0 0 0 
272.00 72689 27679 50552 61703 72689 50552 27679 61703 5 7 0 5 9 4 7 0 1 6 0 0 0 0 
276.00 66374 34743 44495 67272 66374 44495 34743 67272 5 8 1 3 6 2 11 0 1 8 0 0 0 0 
280.00 58959 43750 39249 72622 58959 39249 43750 72622 7 5 2 9 8 5 10 0 3 8 0 0 0 0 
284.00 53282 50949 33782 75818 53282 33782 50949 75818 5 8 5 5 1 7 7 0 4 9 0 0 0 0 
288.00 48507 58355 27364 81070 48507 27364 58355 81070 5 9 5 2 2 10 10 0 4 9 0 0 0 0 
292.00 41720 66316 23243 83669 41720 23243 66316 83669 3 7 2 5 2 7 6 0 2 8 0 0 0 0 
296.00 36722 72286 17711 87965 36722 17711 72286 87965 5 4 2 1 3 16 4 0 3 4 0 0 0 0 
300.00 30690 79493 14308 89817 30690 14308 79493 89817 7 5 3 1 0 13 4 0 3 5 0 0 0 0 
304.00 25387 84709 11565 91586 25387 11565 84709 91586 2 5 0 5 0 12 6 0 0 5 0 0 0 0 
308.00 21903 91554 9575 93400 21903 9575 91554 93400 4 2 2 2 0 15 1 0 2 2 0 0 0 0 
312.00 17805 95668 8388 93426 17805 8388 95668 93426 5 5 2 2 0 21 3 0 2 4 0 0 0 0 
316.00 15071 100219 8741 92497 15071 8741 100219 92497 6 4 1 0 0 17 6 0 1 4 0 0 0 0 
320.00 12750 102535 10206 90789 12750 10206 102535 90789 2 6 1 2 0 17 3 0 1 6 0 0 0 0 
324.00 10938 104967 13888 86911 10938 13888 104967 86911 3 2 4 3 1 19 2 0 2 2 0 0 0 0 
328.00 9774 106489 18737 82874 9774 18737 106489 82874 2 0 6 5 0 11 0 0 6 0 0 0 0 0 
332.00 8195 106546 24309 76470 8195 24309 106546 76470 2 0 1 3 1 8 1 0 2 0 0 0 0 0 
336.00 7543 107252 31563 70763 7543 31563 107252 70763 3 0 5 8 0 10 1 0 5 0 0 0 0 0 
340.00 6050 102685 38681 62212 6050 38681 102685 62212 0 0 5 6 0 12 1 0 6 0 0 0 0 0 
344.00 6344 104773 49109 53423 6344 49109 104773 53423 2 1 12 9 0 11 0 0 10 1 0 0 0 0 
348.00 6719 106203 57916 46108 6719 57916 106203 46108 0 1 12 6 0 11 2 0 12 1 0 0 0 0 
352.00 7219 104655 66937 38150 7219 66937 104655 38150 1 2 16 6 0 3 2 0 16 1 0 0 0 0 
356.00 7650 103565 75057 30764 7650 75057 103565 30764 0 1 21 7 1 7 0 0 20 1 0 0 0 0 
360.00 8890 101710 82654 23835 8890 82654 101710 23835 2 0 16 4 0 4 0 0 17 1 0 0 0 0 
