12.80000	2505	1628	3049	2279	2505	3049	1628	2279	0	0	0	0	0	0	0	0	0	0	0	0	0	0
12.82000	141632	247554	39901	8474	141632	39901	247554	8474	50	0	9	0	8	4	1	0	9	0	0	0	0	0
12.84000	175910	307698	49068	9922	175910	49068	307698	9922	49	2	17	0	10	3	3	0	17	2	0	0	0	0
12.86000	229435	171408	54253	18093	229435	54253	171408	18093	241	15	60	5	62	15	6	0	58	14	0	0	0	0
12.88000	238542	117957	54524	19905	238542	54524	117957	19905	17	5	5	0	11	0	2	0	6	6	0	0	0	0
12.90000	380213	366942	92593	26472	380213	92593	366942	26472	5387	325	1258	88	1247	370	10	0	1261	326	0	0	0	0
12.92000	415787	423426	102034	28267	415787	102034	423426	28267	6887	368	1575	105	1527	473	10	0	1576	368	0	0	0	0
12.94000	415980	423906	101532	28209	415980	101532	423906	28209	6814	395	1654	95	1499	471	7	0	1651	396	0	0	0	0
12.96000	417583	426173	102642	28663	417583	102642	426173	28663	6988	373	1708	94	1491	498	12	0	1705	372	0	0	0	0
12.98000	417774	424252	102439	28402	417774	102439	424252	28402	6804	387	1599	90	1549	494	11	0	1601	386	0	0	0	0
13.00000	422225	426240	102488	28484	422225	102488	426240	28484	7183	358	1655	92	1567	504	12	0	1655	356	0	0	0	0
13.02000	422391	426947	103894	29246	422391	103894	426947	29246	7314	426	1662	109	1594	550	16	0	1658	429	0	0	0	0
13.04000	425099	428405	103531	29190	425099	103531	428405	29190	7332	390	1658	92	1577	500	19	0	1660	387	0	0	0	0
13.06000	427595	429683	104154	29139	427595	104154	429683	29139	7507	377	1703	104	1582	513	11	0	1704	375	0	0	0	0
13.08000	429874	430823	104433	29386	429874	104433	430823	29386	7494	403	1719	75	1663	533	15	0	1723	405	0	0	0	0
13.10000	431076	431200	104390	29321	431076	104390	431200	29321	7648	410	1709	79	1615	529	14	0	1705	409	0	0	0	0
13.12000	432862	432170	105694	29325	432862	105694	432170	29325	7708	383	1835	111	1610	442	12	0	1833	383	0	0	0	0
13.14000	435089	432254	105396	29837	435089	105396	432254	29837	7787	427	1786	102	1705	525	7	0	1789	425	0	0	0	0
13.16000	436645	433328	106333	29912	436645	106333	433328	29912	7812	460	1790	105	1643	581	13	0	1789	461	0	0	0	0
13.18000	436372	433731	106869	29962	436372	106869	433731	29962	7821	438	1753	113	1648	570	14	0	1753	438	0	0	0	0
13.20000	439318	433259	107107	30174	439318	107107	433259	30174	7767	459	1860	90	1777	550	15	0	1859	459	0	0	0	0
13.22000	440421	436507	107464	30151	440421	107464	436507	30151	7984	423	1820	101	1753	554	11	0	1818	423	0	0	0	0
13.24000	441801	436024	107199	30696	441801	107199	436024	30696	7869	441	1881	120	1668	602	14	0	1886	440	0	0	0	0
13.26000	443391	436427	108024	30820	443391	108024	436427	30820	8135	466	1855	114	1732	583	12	0	1854	468	0	0	0	0
13.28000	445766	437127	108655	32374	445766	108655	437127	32374	8229	480	1859	97	1780	573	16	0	1861	479	0	0	0	0
13.30000	446706	435927	108345	31579	446706	108345	435927	31579	8208	451	1876	105	1763	585	8	0	1872	452	0	0	0	0
13.32000	447008	437353	109119	31276	447008	109119	437353	31276	8123	426	1853	91	1853	538	16	0	1856	424	0	0	0	0
13.34000	448209	437919	109018	31729	448209	109018	437919	31729	8289	447	1862	95	1817	601	18	0	1860	445	0	0	0	0
13.36000	450454	439157	109148	32108	450453	109148	439157	32108	8471	454	1923	109	1922	585	15	0	1922	451	0	0	0	0
13.38000	450449	438008	109447	31999	450448	109447	438008	31999	8430	470	2003	107	1885	660	19	0	1999	473	0	0	0	0
13.40000	452308	439659	109278	31733	452308	109278	439659	31733	8699	465	1941	128	1899	609	13	0	1942	464	0	0	0	0
13.42000	452554	439872	109780	32052	452554	109780	439872	32052	8657	473	1899	106	1889	610	10	0	1898	474	0	0	0	0
13.44000	455416	440668	109953	32045	455416	109953	440668	32045	8783	507	1950	99	1902	581	13	0	1949	507	0	0	0	0
13.46000	453729	440414	110618	31820	453729	110618	440414	31820	8687	477	1968	113	1914	604	20	0	1965	476	0	0	0	0
13.48000	455255	439809	110139	32215	455255	110139	439809	32215	8658	482	2016	111	1817	588	18	0	2012	482	0	0	0	0
13.50000	456450	441163	111195	32441	456450	111195	441163	32441	8665	487	2079	111	2001	590	17	0	2077	485	0	0	0	0
13.52000	457196	442242	110638	32868	457196	110638	442242	32868	8538	498	2026	117	1887	646	10	0	2027	497	0	0	0	0
13.54000	458948	442269	110426	32943	458948	110426	442269	32943	8852	523	2067	129	1804	655	18	0	2058	524	0	0	0	0
13.56000	459371	440878	111366	33051	459371	111366	440878	33051	8685	498	2065	126	1921	634	13	0	2063	497	0	0	0	0
13.58000	459224	443112	112111	32417	459224	112111	443112	32417	8944	486	2072	111	2049	617	9	0	2073	487	0	0	0	0
13.60000	459814	442235	112142	32506	459814	112142	442235	32506	8991	545	2110	132	1920	647	10	0	2108	546	0	0	0	0
13.62000	462715	441294	111578	33127	462715	111578	441294	33127	9549	543	2041	138	2003	640	13	0	2038	541	0	0	0	0
13.64000	464891	445956	113007	32836	464891	113007	445956	32836	9659	496	1980	143	2088	710	16	0	1975	494	0	0	0	0
13.66000	466568	444690	112467	33580	466568	112467	444690	33580	9766	509	2006	142	2111	676	10	0	1999	510	0	0	0	0
13.68000	467646	445651	113037	33227	467646	113037	445651	33227	9991	506	1984	126	2129	681	16	0	1983	508	0	0	0	0
13.70000	467736	443727	113287	33726	467736	113287	443727	33726	9646	541	2248	129	2057	647	13	0	2248	541	0	0	0	0
13.72000	469466	445743	113496	33695	469466	113496	445743	33695	9053	538	2306	108	1947	641	12	0	2305	541	0	0	0	0
13.74000	470897	445816	113773	33915	470897	113773	445816	33915	8097	560	2485	108	1831	663	20	0	2482	558	0	0	0	0
13.76000	468395	445270	113415	33787	468395	113415	445270	33787	6842	608	2646	94	1584	625	17	0	2644	606	0	0	0	0
13.78000	469626	442339	113883	34177	469625	113883	442339	34177	5439	607	2828	81	1175	636	17	0	2820	609	0	0	0	0
13.80000	467788	442879	114077	34205	467788	114077	442879	34205	4057	687	3003	59	1045	625	21	0	2996	688	0	0	0	0
13.82000	472461	446120	114528	34584	472461	114528	446120	34584	3035	747	3296	53	820	710	18	0	3286	747	0	0	0	0
13.84000	472209	445083	114314	34450	472209	114314	445083	34450	2332	685	3393	37	687	594	13	0	3391	684	0	0	0	0
13.86000	473992	446296	114028	34838	473992	114028	446296	34838	2343	779	3532	34	679	684	24	0	3529	777	0	0	0	0
13.88000	471618	445719	114793	34196	471618	114793	445719	34196	2793	669	3437	54	772	633	16	0	3432	667	0	0	0	0
13.90000	473053	444657	114032	34305	473052	114032	444657	34305	3871	685	3275	47	987	683	15	0	3268	684	0	0	0	0
13.92000	473354	444919	114064	34655	473354	114064	444919	34655	5304	616	3007	63	1301	596	17	0	3012	615	0	0	0	0
13.94000	476285	445889	115753	34902	476285	115753	445889	34902	6804	669	2808	107	1529	701	20	0	2806	672	0	0	0	0
13.96000	477487	446284	115015	35326	477487	115015	446284	35326	8362	624	2617	121	1832	728	15	0	2614	622	0	0	0	0
13.98000	477124	448118	115211	34808	477123	115211	448118	34808	9474	606	2455	137	2026	765	13	0	2456	607	0	0	0	0
14.00000	480554	449434	115448	34862	480554	115448	449434	34862	10587	587	2196	124	2243	731	27	0	2190	584	0	0	0	0
14.02000	480409	448654	115614	35662	480409	115614	448654	35662	10958	543	2239	142	2400	739	14	0	2239	542	0	0	0	0
14.04000	482222	449417	115509	35579	482222	115509	449417	35579	11207	568	2119	144	2370	791	17	0	2120	565	0	0	0	0
14.06000	480120	447874	115436	35285	480120	115436	447874	35285	10774	569	2239	148	2347	773	26	0	2242	565	0	0	0	0
14.08000	482054	450056	115048	35651	482054	115048	450056	35651	10689	553	2331	142	2285	753	10	0	2327	553	0	0	0	0
14.10000	481102	449656	116159	35391	481102	116159	449656	35391	10534	596	2298	148	2345	759	17	0	2298	594	0	0	0	0
14.12000	479809	447942	115285	35031	479809	115285	447942	35031	10285	594	2308	139	2136	750	17	0	2307	595	0	0	0	0
14.14000	478530	446971	115573	35476	478530	115573	446971	35476	9978	548	2413	146	2236	751	22	0	2409	544	0	0	0	0
14.16000	478338	445605	114519	35219	478338	114519	445605	35219	9904	578	2383	144	2145	741	13	0	2378	576	0	0	0	0
14.18000	478422	445084	114599	35337	478422	114599	445084	35337	10167	575	2373	133	2163	779	16	0	2376	577	0	0	0	0
14.20000	478179	445283	113996	35654	478179	113996	445283	35654	9943	562	2464	145	2171	788	22	0	2460	560	0	0	0	0
14.22000	478621	447057	114503	35378	478621	114503	447057	35378	10234	597	2367	154	2187	788	17	0	2366	599	0	0	0	0
14.24000	475196	442886	114088	35491	475196	114088	442886	35491	10162	550	2276	150	2220	771	12	0	2277	554	0	0	0	0
14.26000	475940	444044	114047	35429	475940	114047	444044	35429	10446	578	2289	152	2259	779	30	0	2288	575	0	0	0	0
14.28000	474198	442218	113651	35917	474198	113651	442218	35917	10055	568	2359	142	2244	754	23	0	2357	568	0	0	0	0
14.30000	474712	443043	113759	35518	474712	113759	443043	35518	10290	547	2297	132	2209	773	16	0	2295	547	0	0	0	0
14.32000	472817	441905	112960	35206	472816	112960	441905	35206	10057	604	2296	141	2125	749	24	0	2294	605	0	0	0	0
14.34000	475929	442083	112412	35995	475929	112412	442083	35995	10234	592	2343	133	2157	740	12	0	2340	590	0	0	0	0
14.36000	474785	443370	112991	35367	474785	112991	443370	35367	10067	581	2350	144	2124	779	14	0	2349	580	0	0	0	0
14.38000	473138	442899	112768	35033	473138	112768	442899	35033	10109	615	2333	130	2115	747	14	0	2333	620	0	0	0	0
14.40000	472463	443355	113240	34739	472463	113240	443355	34739	10092	591	2400	135	2134	712	25	0	2397	588	0	0	0	0
14.42000	472286	440843	113263	35323	472285	113263	440843	35323	10121	597	2264	137	2032	740	15	0	2263	594	0	0	0	0
14.44000	473879	442719	113474	35542	473879	113474	442719	35542	10333	633	2348	140	2248	792	18	0	2344	634	0	0	0	0
14.46000	472014	440137	112560	35451	472014	112560	440137	35451	10423	555	2339	122	2253	732	15	0	2337	553	0	0	0	0
14.48000	472338	440406	113134	35366	472338	113134	440406	35366	10296	610	2392	148	2245	792	21	0	2396	610	0	0	0	0
14.50000	472239	439745	112206	35500	472239	112206	439745	35500	10348	547	2272	148	2228	720	15	0	2269	543	0	0	0	0
14.52000	470810	440779	113040	35267	470810	113040	440779	35267	10408	590	2304	142	2275	793	22	0	2298	588	0	0	0	0
14.54000	470241	441302	112809	34559	470240	112809	441302	34559	10224	577	2274	130	2195	741	33	0	2272	571	0	0	0	0
14.56000	469017	440025	112820	34884	469016	112820	440025	34884	10213	603	2324	146	2207	764	19	0	2331	602	0	0	0	0
14.58000	469865	440056	112580	35389	469865	112580	440056	35389	10265	599	2352	162	2284	771	27	0	2352	601	0	0	0	0
14.60000	469397	438827	112471	34597	469397	112471	438827	34597	10320	522	2268	123	2139	712	17	0	2265	522	0	0	0	0
14.62000	470645	438559	112962	35689	470645	112962	438559	35689	10305	671	2385	137	2229	757	13	0	2383	666	0	0	0	0
14.64000	466595	439697	112139	33997	466595	112139	439697	33997	10148	581	2250	156	2156	749	11	0	2253	582	0	0	0	0
14.66000	466353	437238	111700	35012	466353	111700	437238	35012	10117	570	2352	154	2204	758	19	0	2352	568	0	0	0	0
14.68000	465973	437370	111461	34865	465973	111461	437370	34865	10284	596	2244	147	2219	782	17	0	2245	595	0	0	0	0
14.70000	465693	436515	111349	35196	465693	111349	436515	35196	10289	587	2239	175	2198	775	22	0	2235	584	0	0	0	0
14.72000	464159	435076	111064	35385	464159	111064	435076	35385	10195	587	2291	154	2210	794	19	0	2290	590	0	0	0	0
14.74000	464068	436266	110618	34669	464067	110618	436266	34669	10291	556	2232	142	2243	730	11	0	2230	557	0	0	0	0
14.76000	463611	434993	110133	34865	463611	110133	434993	34865	10203	594	2225	163	2247	750	19	0	2221	592	0	0	0	0
14.78000	462825	435905	111067	34671	462825	111067	435905	34671	10251	573	2367	162	2294	758	8	0	2366	572	0	0	0	0
