A	B	C	D	E	F	G	H	AB	AD	BC	CD	EF	GH	DE	CF	FG	EH	ABCD	CDEF	EFGH	ABCDEFGH
0.00	78418	149318	23140	4954	78418	23140	149318	4954	18	3	10	0	6	2	2	0	13	3	0	0	0	0
4.00	78554	149157	23413	4866	78554	23413	149157	4866	23	1	10	0	5	1	1	0	9	1	0	0	0	0
8.00	77955	148942	23300	4673	77955	23300	148942	4673	25	0	3	0	4	0	1	0	4	0	0	0	0	0
12.00	77838	149502	23255	4702	77838	23255	149502	4702	22	1	5	0	4	1	1	0	3	1	0	0	0	0
16.00	77847	150691	23483	4597	77847	23483	150691	4597	19	2	7	0	6	1	0	0	8	2	0	0	0	0
20.00	77403	149886	23340	4599	77403	23340	149886	4599	22	2	10	0	2	4	2	0	10	2	0	0	0	0
24.00	77304	150697	23453	4623	77304	23453	150697	4623	24	0	6	0	4	1	2	0	5	0	0	0	0	0
28.00	76797	151423	23321	4473	76797	23321	151423	4473	26	0	4	0	4	4	0	0	4	0	0	0	0	0
32.00	76896	150799	23660	4491	76896	23660	150799	4491	26	0	7	0	6	0	1	0	7	0	0	0	0	0
36.00	76694	151272	23782	4432	76694	23782	151272	4432	18	1	8	0	1	2	2	0	7	1	0	0	0	0
40.00	75700	151235	23515	4584	75700	23515	151235	4584	20	0	9	0	3	4	1	0	7	0	0	0	0	0
44.00	76527	151145	23739	4330	76527	23739	151145	4330	19	3	7	0	5	2	0	0	8	3	0	0	0	0
48.00	76322	151573	23596	4260	76322	23596	151573	4260	22	2	5	1	4	1	0	0	5	2	0	0	0	0
52.00	75241	151389	23535	4455	75241	23535	151389	4455	24	2	7	1	2	0	0	0	8	2	0	0	0	0
56.00	75381	151611	23259	4322	75381	23259	151611	4322	21	1	11	0	2	1	0	0	9	1	0	0	0	0
60.00	75744	151493	23723	4488	75744	23723	151493	4488	25	2	5	0	7	1	1	0	4	1	0	0	0	0
64.00	75856	152258	23324	4420	75856	23324	152258	4420	27	1	6	0	2	0	0	0	8	1	0	0	0	0
68.00	75359	151700	23675	4413	75359	23675	151700	4413	23	0	10	0	2	2	0	0	10	0	0	0	0	0
72.00	75703	152715	23279	4533	75703	23279	152715	4533	19	0	10	0	6	0	0	0	10	0	0	0	0	0
76.00	75644	152068	23617	4571	75644	23617	152068	4571	31	0	9	1	5	0	0	0	8	0	0	0	0	0
80.00	76011	151535	23299	4475	76011	23299	151535	4475	29	0	6	0	2	0	0	0	5	0	0	0	0	0
84.00	76084	152501	23080	4605	76084	23080	152501	4605	20	0	7	1	3	3	0	0	6	0	0	0	0	0
88.00	76544	150868	23299	4739	76544	23299	150868	4739	28	0	10	0	3	4	0	0	9	0	0	0	0	0
92.00	76507	151433	23627	4775	76507	23627	151433	4775	24	1	8	1	6	2	1	0	8	1	0	0	0	0
96.00	76956	150236	23277	4694	76956	23277	150236	4694	19	1	12	0	7	1	0	0	12	1	0	0	0	0
100.00	77909	149687	23323	4824	77909	23323	149687	4824	20	3	5	0	1	0	1	0	7	2	0	0	0	0
104.00	78276	149624	23375	4879	78276	23375	149624	4879	19	0	7	0	2	0	1	0	8	0	0	0	0	0
108.00	78266	149066	23085	4859	78266	23085	149066	4859	26	0	8	0	3	2	0	0	6	0	0	0	0	0
112.00	79153	148749	23047	4860	79153	23047	148749	4860	21	1	9	0	2	1	0	0	8	1	0	0	0	0
116.00	79480	148357	23124	4715	79480	23124	148357	4715	21	0	9	0	4	0	0	0	8	0	0	0	0	0
120.00	80749	148037	22879	4901	80749	22879	148037	4901	21	2	11	0	3	2	0	0	12	3	0	0	0	0
124.00	80322	146704	23024	4974	80322	23024	146704	4974	26	1	6	0	3	1	0	0	5	1	0	0	0	0
128.00	80840	146784	23369	4946	80840	23369	146784	4946	28	1	11	0	4	2	0	0	11	1	0	0	0	0
132.00	80918	145378	23071	4862	80918	23071	145378	4862	26	1	10	1	0	2	1	0	10	1	0	0	0	0
136.00	81363	144583	23037	4816	81363	23037	144583	4816	15	1	5	0	5	1	0	0	4	1	0	0	0	0
140.00	82081	144750	22829	4774	82081	22829	144750	4774	33	0	5	0	10	2	0	0	4	0	0	0	0	0
144.00	82607	144224	22855	4954	82607	22855	144224	4954	21	0	5	0	5	0	0	0	6	1	0	0	0	0
148.00	82356	143537	23110	5024	82356	23110	143537	5024	27	1	10	0	3	0	0	0	11	2	0	0	0	0
152.00	82610	145063	22967	4853	82610	22967	145063	4853	21	1	8	0	6	2	0	0	8	1	0	0	0	0
156.00	82892	144548	23315	4834	82892	23315	144548	4834	30	1	3	0	5	0	0	0	4	1	0	0	0	0
160.00	82948	144436	23082	4798	82948	23082	144436	4798	26	0	13	0	5	1	1	0	14	0	0	0	0	0
164.00	82118	144286	23275	4879	82118	23275	144286	4879	30	0	7	0	3	1	0	0	6	0	0	0	0	0
168.00	81735	145535	23177	4743	81735	23177	145535	4743	33	0	7	0	2	0	0	0	8	0	0	0	0	0
172.00	80915	144482	22971	4786	80915	22971	144482	4786	26	1	10	0	3	2	2	0	12	1	0	0	0	0
176.00	81366	145430	23319	4857	81366	23319	145430	4857	25	0	5	0	8	1	1	0	5	0	0	0	0	0
180.00	80142	146977	23323	4748	80142	23323	146977	4748	22	1	5	0	3	1	0	0	5	2	0	0	0	0
184.00	79193	146935	22932	4797	79193	22932	146935	4797	29	1	3	0	3	1	0	0	3	1	0	0	0	0
188.00	79041	148381	23347	4808	79041	23347	148381	4808	25	0	7	0	1	2	0	0	8	0	0	0	0	0
192.00	78204	149202	23447	4755	78204	23447	149202	4755	18	1	12	0	3	1	1	0	11	1	0	0	0	0
196.00	77188	149969	23363	4698	77188	23363	149969	4698	27	0	8	0	0	0	1	0	9	0	0	0	0	0
200.00	77091	150493	23313	4655	77091	23313	150493	4655	30	1	14	0	5	1	1	0	12	1	0	0	0	0
204.00	76804	151356	23491	4620	76804	23491	151356	4620	17	1	7	0	4	1	1	0	8	1	0	0	0	0
208.00	75757	151452	23288	4763	75757	23288	151452	4763	23	2	3	0	3	1	2	0	3	2	0	0	0	0
212.00	75624	151483	23496	4735	75624	23496	151483	4735	16	3	6	1	4	2	1	0	7	3	0	0	0	0
216.00	75556	151844	23361	4571	75556	23361	151844	4571	28	0	8	0	1	1	1	0	8	0	0	0	0	0
220.00	75268	151020	23320	4439	75268	23320	151020	4439	27	0	9	1	3	2	0	0	8	0	0	0	0	0
224.00	76259	152218	23369	4465	76259	23369	152218	4465	17	1	9	0	4	0	1	0	8	1	0	0	0	0
228.00	75277	150964	23493	4475	75277	23493	150964	4475	26	0	3	1	1	1	0	0	3	0	0	0	0	0
232.00	75872	150705	23058	4536	75872	23058	150705	4536	19	0	4	2	7	0	0	0	3	0	0	0	0	0
236.00	76268	150518	23506	4368	76268	23506	150518	4368	26	1	6	0	6	2	1	0	7	1	0	0	0	0
240.00	77077	149813	23549	4431	77077	23549	149813	4431	34	1	10	0	4	0	1	0	10	1	0	0	0	0
244.00	77785	149437	23527	4377	77785	23527	149437	4377	32	1	11	0	7	0	1	0	11	1	0	0	0	0
248.00	78346	148551	23407	4414	78346	23407	148551	4414	23	1	2	0	7	2	2	0	2	0	0	0	0	0
252.00	79597	148707	23380	4355	79597	23380	148707	4355	18	2	5	2	3	3	0	0	4	2	0	0	0	0
256.00	78471	148085	23625	4444	78471	23625	148085	4444	23	0	9	0	4	1	1	0	9	0	0	0	0	0
260.00	80094	147706	23462	4334	80094	23462	147706	4334	21	0	10	0	6	2	1	0	13	0	0	0	0	0
264.00	80213	146718	23550	4457	80213	23550	146718	4457	31	0	4	0	4	4	0	0	5	0	0	0	0	0
268.00	80661	145640	23723	4363	80661	23723	145640	4363	28	1	2	0	2	3	2	0	3	1	0	0	0	0
272.00	80853	145792	23469	4388	80853	23469	145792	4388	20	0	7	1	1	1	1	0	6	0	0	0	0	0
276.00	81232	144521	23460	4306	81232	23460	144521	4306	17	0	9	0	3	1	0	0	8	0	0	0	0	0
280.00	82267	144509	23574	4479	82267	23574	144509	4479	23	1	8	1	2	4	1	0	9	1	0	0	0	0
284.00	82468	144929	23643	4410	82468	23643	144929	4410	21	0	8	0	5	0	0	0	6	1	0	0	0	0
288.00	82636	145996	23173	4485	82636	23173	145996	4485	28	0	7	0	5	2	0	0	7	0	0	0	0	0
292.00	82351	144865	23491	4506	82351	23491	144865	4506	24	0	10	0	5	1	0	0	8	0	0	0	0	0
296.00	82386	143649	23417	4430	82386	23417	143649	4430	27	1	8	0	5	5	0	0	6	1	0	0	0	0
300.00	82542	143897	23541	4587	82542	23541	143897	4587	27	0	4	0	7	1	1	0	4	0	0	0	0	0
304.00	82831	144543	23178	4668	82831	23178	144543	4668	24	1	6	0	3	1	2	0	9	2	0	0	0	0
308.00	82384	144670	23322	4460	82384	23322	144670	4460	29	1	10	0	6	2	1	0	7	1	0	0	0	0
312.00	82099	143399	23384	4511	82099	23384	143399	4511	23	1	5	0	3	1	1	0	5	1	0	0	0	0
316.00	81687	145210	23370	4668	81687	23370	145210	4668	24	1	8	1	3	0	0	0	8	1	0	0	0	0
320.00	81799	145371	23377	4794	81799	23377	145371	4794	21	0	11	0	6	1	0	0	11	0	0	0	0	0
324.00	81437	145421	23296	4844	81437	23296	145421	4844	23	0	7	0	4	2	0	0	7	0	0	0	0	0
328.00	80904	146131	23318	4965	80904	23318	146131	4965	26	0	5	0	4	2	0	0	8	0	0	0	0	0
332.00	81219	145990	23073	4870	81219	23073	145990	4870	22	0	7	0	7	2	2	0	10	1	0	0	0	0
336.00	80162	146736	22923	4861	80162	22923	146736	4861	34	1	3	0	2	1	1	0	3	1	0	0	0	0
340.00	79703	146174	22984	4834	79703	22984	146174	4834	26	2	6	2	2	3	2	0	6	2	0	0	0	0
344.00	79708	146599	23304	4784	79708	23304	146599	4784	25	2	6	0	3	3	0	0	6	2	0	0	0	0
348.00	79568	146481	23187	5028	79568	23187	146481	5028	32	0	6	1	5	2	1	0	5	0	0	0	0	0
352.00	79400	147235	22934	5011	79400	22934	147235	5011	26	1	7	1	3	4	2	0	6	0	0	0	0	0
356.00	78914	147989	23180	4851	78914	23180	147989	4851	32	2	7	0	4	1	0	0	6	2	0	0	0	0
360.00	78702	147299	22971	4841	78702	22971	147299	4841	25	0	12	0	4	2	0	0	11	0	0	0	0	0
