12.80000	4084	3098	4390	4175	4084	4390	3098	4175	0	0	0	0	0	0	0	0	0	0	0	0	0	0
12.82000	59569	56665	107711	140713	59569	107711	56665	140713	3	7	14	25	9	7	12	0	11	8	0	0	0	0
12.84000	73857	70458	134088	174975	73857	134088	70458	174975	4	21	11	21	7	16	11	0	11	21	0	0	0	0
12.86000	125346	17828	154789	43860	125346	154789	17828	43860	22	73	34	75	100	4	3	0	34	74	0	0	0	0
12.88000	133089	4851	154269	13211	133089	154269	4851	13211	1	1	1	2	21	0	1	0	1	1	0	0	0	0
12.90000	190965	58806	258918	150832	190965	258918	58806	150832	544	1410	664	1673	1783	68	28	0	660	1410	0	0	0	0
12.92000	203249	70694	285255	182878	203249	285255	70694	182878	652	1790	761	2142	2176	88	36	0	763	1784	0	0	0	0
12.94000	205569	70703	286424	183943	205569	286424	70703	183943	701	1785	793	2109	2169	87	30	0	792	1784	0	0	0	0
12.96000	208175	71157	287719	184070	208175	287719	71157	184070	722	1892	865	2120	2251	72	32	0	865	1891	0	0	0	0
12.98000	208841	71610	289664	183535	208841	289664	71610	183535	708	1887	814	2143	2195	77	53	0	813	1893	0	0	0	0
13.00000	210504	71530	291797	184342	210504	291797	71530	184341	755	1833	791	2169	2307	88	37	0	790	1830	0	0	0	0
13.02000	210833	71181	291807	184092	210833	291807	71181	184092	728	1949	842	2236	2188	80	34	0	842	1949	0	0	0	0
13.04000	210561	72038	294330	185203	210561	294330	72038	185203	761	1828	870	2201	2285	84	45	0	869	1825	0	0	0	0
13.06000	212702	70937	295001	184632	212702	295001	70937	184632	763	1904	838	2246	2331	88	40	0	836	1906	0	0	0	0
13.08000	213844	71012	294655	183703	213844	294655	71012	183703	701	1957	889	2352	2415	111	44	0	889	1955	0	0	0	0
13.10000	214978	71668	298375	185376	214978	298375	71668	185376	733	2000	904	2317	2440	71	57	0	905	1996	0	0	0	0
13.12000	215867	71492	298340	186102	215867	298340	71492	186102	750	2055	897	2473	2456	100	45	0	894	2052	0	0	0	0
13.14000	216848	71354	298888	184725	216848	298888	71354	184725	759	1983	882	2451	2416	96	28	0	882	1983	0	0	0	0
13.16000	217211	71449	300041	184639	217211	300041	71449	184639	772	1976	909	2459	2393	92	33	0	910	1973	0	0	0	0
13.18000	218565	71508	301270	184544	218565	301270	71508	184544	831	1980	900	2383	2525	102	43	0	898	1976	0	0	0	0
13.20000	219693	70731	301151	185658	219693	301151	70731	185658	814	2031	905	2485	2464	84	36	0	906	2028	0	0	0	0
13.22000	221512	71081	303350	185555	221512	303350	71081	185555	746	2032	958	2456	2454	92	48	0	960	2032	0	0	0	0
13.24000	221430	71755	303660	184450	221430	303660	71755	184450	828	2028	881	2472	2521	77	41	0	878	2025	0	0	0	0
13.26000	221600	71212	304625	184665	221600	304625	71212	184665	778	2070	966	2529	2475	82	49	0	963	2064	0	0	0	0
13.28000	222137	70628	304550	185600	222137	304550	70628	185600	781	2147	954	2516	2484	110	43	0	956	2148	0	0	0	0
13.30000	224081	71053	306233	186394	224081	306233	71053	186394	824	2076	989	2553	2525	103	52	0	989	2079	0	0	0	0
13.32000	222514	70670	307501	185430	222514	307501	70670	185430	733	2142	946	2493	2482	90	39	0	942	2138	0	0	0	0
13.34000	224668	71713	308171	185328	224668	308171	71713	185328	856	2117	990	2499	2486	114	39	0	991	2118	0	0	0	0
13.36000	225046	71277	309571	185471	225046	309571	71277	185471	779	2192	938	2475	2457	96	56	0	934	2191	0	0	0	0
13.38000	224951	71193	309114	185790	224951	309114	71193	185790	797	2166	940	2522	2443	111	44	0	939	2164	0	0	0	0
13.40000	225393	71487	310852	186302	225393	310852	71487	186302	866	2261	1002	2589	2482	89	45	0	1003	2258	0	0	0	0
13.42000	226095	70905	310374	184504	226095	310374	70905	184504	856	2179	973	2578	2619	95	38	0	973	2178	0	0	0	0
13.44000	226554	71346	312655	185635	226554	312655	71346	185635	836	2227	963	2557	2627	90	53	0	963	2225	0	0	0	0
13.46000	226825	70163	311356	186534	226825	311356	70163	186534	872	2250	1014	2627	2671	90	51	0	1012	2250	0	0	0	0
13.48000	227384	71063	312689	185436	227384	312689	71063	185436	801	2311	1000	2650	2680	97	56	0	1000	2308	0	0	0	0
13.50000	227488	70966	313351	185373	227488	313351	70966	185373	856	2224	957	2602	2758	90	50	0	956	2222	0	0	0	0
13.52000	229647	71262	313891	186245	229647	313891	71262	186245	892	2337	1013	2728	2681	89	43	0	1013	2336	0	0	0	0
13.54000	229826	71092	315722	185150	229826	315722	71092	185150	831	2351	1039	2607	2585	102	54	0	1039	2351	0	0	0	0
13.56000	230572	70670	315517	185406	230572	315517	70670	185406	856	2430	938	2651	2804	107	37	0	933	2431	0	0	0	0
13.58000	231805	71017	316836	185642	231805	316836	71017	185642	899	2287	1003	2853	2878	114	60	0	998	2289	0	0	0	0
13.60000	232238	70815	317531	187051	232238	317531	70815	187051	946	2385	996	2757	2850	99	52	0	994	2387	0	0	0	0
13.62000	233412	70930	319435	186119	233412	319435	70930	186119	890	2346	1032	2839	3087	97	61	0	1031	2345	0	0	0	0
13.64000	234077	71513	319113	186500	234077	319113	71513	186500	908	2415	978	2949	3034	95	53	0	982	2413	0	0	0	0
13.66000	235029	70927	319674	185543	235029	319674	70927	185543	886	2326	1083	2837	3126	97	35	0	1083	2326	0	0	0	0
13.68000	234919	71234	321254	184794	234919	321254	71234	184794	875	2281	1090	2894	3036	109	41	0	1090	2280	0	0	0	0
13.70000	236731	71234	321988	186054	236731	321988	71234	186054	848	2448	1109	3024	3018	114	44	0	1111	2444	0	0	0	0
13.72000	236292	71054	321525	185862	236292	321525	71054	185862	968	2334	1133	2956	2742	127	50	0	1132	2333	0	0	0	0
13.74000	237672	71554	323683	186996	237672	323683	71554	186996	910	2411	1087	2929	2519	95	42	0	1083	2416	0	0	0	0
13.76000	237972	71086	323298	186155	237972	323298	71086	186155	886	2476	1183	2800	1964	137	52	0	1186	2473	0	0	0	0
13.78000	238162	71608	324168	186972	238162	324168	71608	186972	863	2473	1153	2630	1574	135	49	0	1148	2474	0	0	0	0
13.80000	239257	71463	324364	186581	239257	324364	71463	186581	862	2491	1130	2604	1145	158	37	0	1126	2484	0	0	0	0
13.82000	239210	71561	323167	187052	239210	323167	71561	187052	881	2640	1137	2560	715	144	39	0	1134	2641	0	0	0	0
13.84000	239085	71779	325127	187219	239085	325127	71779	187219	891	2574	1102	2348	456	151	43	0	1099	2578	0	0	0	0
13.86000	238789	72260	325367	188681	238789	325367	72260	188681	829	2656	1203	2381	480	159	43	0	1202	2652	0	0	0	0
13.88000	242032	74187	327888	189727	242032	327888	74187	189727	895	2630	1184	2415	628	173	50	0	1183	2625	0	0	0	0
13.90000	242642	73027	328636	190879	242642	328636	73027	190879	894	2628	1141	2643	961	126	50	0	1143	2625	0	0	0	0
13.92000	242149	72692	328258	189231	242149	328258	72692	189231	860	2642	1171	2736	1460	160	42	0	1171	2637	0	0	0	0
13.94000	243670	71755	328440	189189	243669	328440	71755	189189	921	2670	1142	2726	1986	148	53	0	1140	2670	0	0	0	0
13.96000	243659	72342	328824	188058	243659	328824	72342	188058	923	2624	1103	2882	2496	145	44	0	1102	2623	0	0	0	0
13.98000	244300	72051	330542	188291	244300	330542	72051	188291	961	2588	1227	3030	2953	121	61	0	1225	2585	0	0	0	0
14.00000	243925	71852	329515	187684	243925	329515	71852	187684	980	2567	1160	3154	3321	131	46	0	1161	2566	0	0	0	0
14.02000	244875	71471	331043	189683	244875	331043	71471	189683	952	2597	1127	3088	3403	109	47	0	1130	2596	0	0	0	0
14.04000	245321	70893	331805	188744	245321	331805	70893	188744	996	2641	1130	3297	3347	116	43	0	1130	2646	0	0	0	0
14.06000	243712	71384	332854	187336	243712	332854	71384	187336	1013	2632	1196	3169	3418	101	59	0	1197	2629	0	0	0	0
14.08000	244136	71887	331167	189355	244136	331167	71887	189355	1020	2594	1150	3117	3260	96	65	0	1148	2592	0	0	0	0
14.10000	244057	71216	332395	188440	244057	332395	71216	188440	933	2676	1193	3133	3165	116	54	0	1196	2674	0	0	0	0
14.12000	244409	71069	330981	187695	244409	330981	71069	187695	952	2609	1174	3199	3017	111	55	0	1176	2608	0	0	0	0
14.14000	242765	71031	329182	187986	242765	329182	71031	187986	961	2593	1189	3046	3045	108	49	0	1188	2592	0	0	0	0
14.16000	241371	71462	327600	188209	241371	327600	71462	188209	949	2509	1123	3191	2968	119	45	0	1122	2510	0	0	0	0
14.18000	242053	71036	329705	188591	242053	329705	71036	188591	993	2573	1167	3207	3021	114	51	0	1164	2571	0	0	0	0
14.20000	240956	70865	327183	187830	240956	327183	70865	187830	970	2549	1132	3186	3161	105	39	0	1129	2546	0	0	0	0
14.22000	240554	70895	327516	189495	240554	327516	70895	189495	925	2504	1128	3241	3157	113	48	0	1126	2502	0	0	0	0
14.24000	240789	70804	326345	190034	240789	326345	70804	190034	919	2458	1100	3272	3076	104	56	0	1098	2450	0	0	0	0
14.26000	239218	71054	327727	187798	239218	327727	71054	187798	945	2528	1152	3206	3075	103	48	0	1154	2525	0	0	0	0
14.28000	239369	70893	326918	188031	239369	326918	70893	188031	960	2526	1089	3171	3104	127	54	0	1087	2525	0	0	0	0
14.30000	239707	70647	327092	188247	239707	327092	70647	188247	977	2443	1121	3217	3050	104	47	0	1122	2447	0	0	0	0
14.32000	238244	70659	327835	188015	238244	327835	70659	188015	933	2517	1148	3168	2895	110	46	0	1147	2516	0	0	0	0
14.34000	237463	70207	325072	189268	237463	325072	70207	189268	937	2514	1093	3128	2950	116	50	0	1090	2509	0	0	0	0
14.36000	237616	70470	326177	188330	237616	326177	70470	188330	923	2466	1158	2984	3006	114	54	0	1161	2470	0	0	0	0
14.38000	237543	70514	326657	187778	237543	326657	70514	187778	930	2519	1122	3046	2928	114	57	0	1120	2523	0	0	0	0
14.40000	238631	70739	326864	188953	238631	326864	70739	188953	937	2508	1190	3142	2910	110	46	0	1189	2504	0	0	0	0
14.42000	238116	70429	326657	188754	238116	326657	70429	188754	1001	2495	1147	3071	3014	113	48	0	1144	2491	0	0	0	0
14.44000	238284	70459	326981	187199	238284	326981	70459	187199	938	2454	1084	3147	3062	103	50	0	1083	2450	0	0	0	0
14.46000	238593	70436	326008	189455	238593	326008	70436	189455	924	2622	1142	3049	2971	111	42	0	1138	2620	0	0	0	0
14.48000	237150	70608	325829	188158	237150	325829	70608	188158	927	2502	1131	3045	3088	103	50	0	1132	2501	0	0	0	0
14.50000	237962	70585	325567	188655	237962	325567	70585	188655	999	2557	1111	3132	3125	106	52	0	1112	2554	0	0	0	0
14.52000	238093	70904	323921	189228	238093	323921	70904	189228	917	2575	1103	3124	3036	106	40	0	1105	2573	0	0	0	0
14.54000	237578	70933	325471	188410	237578	325471	70933	188410	929	2483	1175	3047	3059	112	50	0	1177	2481	0	0	0	0
14.56000	238334	70421	325616	189483	238334	325616	70421	189483	991	2569	1172	3132	3045	126	56	0	1173	2560	0	0	0	0
14.58000	238781	71455	327072	189224	238781	327072	71455	189224	1005	2599	1150	3098	3116	119	40	0	1150	2598	0	0	0	0
14.60000	237939	72164	327089	189337	237939	327089	72164	189337	927	2605	1097	3080	3032	100	52	0	1098	2605	0	0	0	0
14.62000	238067	71567	326717	190076	238067	326717	71567	190076	1016	2527	1187	3071	3128	89	43	0	1190	2526	0	0	0	0
14.64000	236365	70489	324607	189034	236365	324607	70489	189034	909	2563	1077	3098	3095	112	48	0	1076	2561	0	0	0	0
14.66000	234383	70642	324870	189196	234383	324870	70642	189196	960	2531	1165	3147	2979	115	52	0	1165	2530	0	0	0	0
14.68000	233512	71058	323998	188174	233512	323998	71058	188174	921	2579	1173	3027	3019	106	54	0	1173	2581	0	0	0	0
14.70000	233519	70538	323154	190119	233519	323154	70538	190119	982	2532	1110	3138	3097	116	43	0	1109	2533	0	0	0	0
14.72000	234851	70240	323858	189435	234851	323858	70240	189435	936	2572	1149	3112	2988	101	48	0	1151	2568	0	0	0	0
14.74000	233577	70795	322641	187854	233577	322641	70795	187854	1018	2612	1087	3099	2919	100	50	0	1090	2615	0	0	0	0
14.76000	232525	70300	322033	188797	232525	322033	70300	188797	946	2501	1180	3137	2924	94	48	0	1183	2507	0	0	0	0
14.78000	232075	70620	319960	188890	232075	319960	70620	188890	929	2526	1126	3117	3001	103	53	0	1125	2524	0	0	0	0
