0.00 10860 104531 74660 19799 10860 74660 104531 19799 1 0 15 3 1 1 0 0 17 0 0 0 0 0 
4.00 11598 102622 77450 16971 11598 77450 102622 16971 3 0 17 0 1 0 1 0 17 0 0 0 0 0 
8.00 12393 101543 80048 14220 12393 80048 101543 14220 3 1 20 1 4 4 1 0 19 1 0 0 0 0 
12.00 13910 99547 80587 13225 13910 80587 99547 13225 0 1 17 3 5 3 0 0 17 1 0 0 0 0 
16.00 14668 98057 80340 12897 14668 80340 98057 12897 3 0 12 2 1 3 0 0 11 0 0 0 0 0 
20.00 16675 96670 79631 14429 16675 79631 96670 14429 3 1 16 1 3 3 1 0 13 1 0 0 0 0 
24.00 17854 95016 76733 16775 17854 76733 95016 16775 0 1 21 3 3 2 2 0 22 1 0 0 0 0 
28.00 20196 92621 73288 20303 20196 73288 92621 20303 3 0 12 6 2 5 0 0 13 0 0 0 0 0 
32.00 21575 90766 67268 25236 21575 67268 90766 25236 7 2 7 5 1 5 0 0 7 2 0 0 0 0 
36.00 22696 89508 60909 31411 22696 60909 89508 31411 3 0 10 3 4 4 0 0 10 0 0 0 0 0 
40.00 26610 84621 55782 36344 26610 55782 84621 36344 8 0 9 2 1 4 0 0 9 0 0 0 0 0 
44.00 29626 80853 49385 42022 29626 49385 80853 42022 5 1 4 4 4 8 1 0 4 2 0 0 0 0 
48.00 33187 76555 43624 47773 33187 43624 76555 47773 3 5 9 6 1 6 6 0 9 7 0 0 0 0 
52.00 36146 73664 37337 53719 36146 37337 73664 53719 9 2 4 5 4 5 5 0 6 1 0 0 0 0 
56.00 39034 69209 31444 59961 39034 31444 69209 59961 9 8 1 3 1 8 7 0 1 9 0 0 0 0 
60.00 42785 64323 26855 64040 42785 26855 64323 64040 7 1 4 4 2 5 4 0 5 1 0 0 0 0 
64.00 47616 58277 22576 68892 47616 22576 58277 68892 4 7 2 2 2 7 13 0 2 8 0 0 0 0 
68.00 51853 52950 19395 73052 51853 19395 52950 73052 5 7 3 0 2 10 6 0 3 8 0 0 0 0 
72.00 55751 48299 16580 75834 55751 16580 48299 75834 8 9 3 4 4 4 4 0 3 8 0 0 0 0 
76.00 59979 43191 15455 78516 59979 15455 43191 78516 2 12 4 3 0 7 13 0 4 12 0 0 0 0 
80.00 63724 37204 14235 79799 63724 14235 37204 79799 7 14 3 1 0 4 8 0 3 15 0 0 0 0 
84.00 69041 30308 14508 79590 69041 14508 30308 79590 7 11 0 0 2 1 9 0 0 10 0 0 0 0 
88.00 71437 27263 16152 78900 71437 16152 27263 78900 6 12 3 4 4 5 11 0 3 12 0 0 0 0 
92.00 75709 21414 17518 77827 75709 17518 21414 77827 7 9 1 0 5 4 12 0 1 11 0 0 0 0 
96.00 79517 16750 20034 76400 79517 20034 16750 76400 2 8 1 4 1 3 11 0 1 9 0 0 0 0 
100.00 83132 13099 23012 73459 83132 23012 13099 73459 1 12 1 4 5 3 19 0 1 15 0 0 0 0 
104.00 85831 9465 25677 70776 85831 25677 9465 70776 0 13 1 2 6 3 11 0 1 12 0 0 0 0 
108.00 84935 6308 28845 66765 84935 28845 6308 66765 2 10 0 6 2 1 18 0 0 9 0 0 0 0 
112.00 88195 5442 32405 64223 88195 32405 5442 64223 0 8 0 2 3 0 13 0 0 8 0 0 0 0 
116.00 88674 5662 35284 61070 88674 35284 5662 61070 2 17 0 2 11 1 14 0 0 15 0 0 0 0 
120.00 88465 6935 39173 55872 88465 39173 6935 55872 1 15 1 3 6 0 11 0 1 15 0 0 0 0 
124.00 87091 9237 43547 51736 87091 43547 9237 51736 5 8 0 4 4 1 11 0 0 7 0 0 0 0 
128.00 83388 13799 46069 49184 83388 46069 13799 49184 1 8 2 5 4 2 10 0 3 9 0 0 0 0 
132.00 79660 19007 49538 45011 79660 49538 19007 45011 7 6 3 9 10 3 5 0 2 8 0 0 0 0 
136.00 76567 23511 54548 39990 76567 54548 23511 39990 4 6 6 7 11 2 5 0 6 7 0 0 0 0 
140.00 69618 30222 57697 36073 69618 57697 30222 36073 2 4 6 6 15 0 3 0 5 5 0 0 0 0 
144.00 64392 37975 61038 32924 64392 61038 37975 32924 2 2 4 2 7 9 4 0 4 3 0 0 0 0 
148.00 56688 46591 63452 29302 56688 63452 46591 29302 5 5 5 5 6 1 2 0 5 5 0 0 0 0 
152.00 48639 56182 65246 27111 48639 65246 56182 27111 6 5 2 4 11 3 2 0 3 6 0 0 0 0 
156.00 41190 63373 68113 24265 41190 68113 63373 24265 6 1 12 3 5 3 3 0 9 1 0 0 0 0 
160.00 34869 72423 70491 22029 34869 70491 72423 22029 3 2 9 2 6 4 3 0 8 2 0 0 0 0 
164.00 28311 79891 72852 19282 28311 72852 79891 19282 2 1 21 5 3 2 2 0 21 0 0 0 0 0 
168.00 22133 86987 75224 17715 22133 75224 86987 17715 4 2 12 0 4 1 1 0 12 2 0 0 0 0 
172.00 18668 91537 76493 15585 18668 76493 91537 15585 2 0 14 2 6 9 1 0 17 0 0 0 0 0 
176.00 14009 96381 76966 14717 14009 76966 96381 14717 3 1 11 3 2 4 2 0 10 1 0 0 0 0 
180.00 11594 99297 78309 13382 11594 78309 99297 13382 2 1 13 7 0 1 0 0 13 1 0 0 0 0 
184.00 10243 101200 78709 13039 10243 78709 101200 13039 3 0 13 0 1 3 0 0 12 0 0 0 0 0 
188.00 10564 100400 78998 12931 10564 78998 100400 12931 1 1 14 2 2 3 0 0 12 1 0 0 0 0 
192.00 12619 97091 79447 12550 12619 79447 97091 12550 8 0 19 5 4 1 0 0 19 0 0 0 0 0 
196.00 16154 93420 79373 12700 16154 79373 93420 12700 1 0 16 7 4 1 0 0 13 0 0 0 0 0 
200.00 20607 88283 80081 12735 20607 80081 88283 12735 1 1 23 2 4 3 1 0 18 1 0 0 0 0 
204.00 27100 79569 78883 13105 27100 78883 79569 13105 5 1 19 0 6 5 0 0 18 1 0 0 0 0 
208.00 34016 72201 78356 13924 34016 78356 72201 13924 5 2 9 0 6 2 0 0 11 2 0 0 0 0 
212.00 40157 64192 77524 15350 40157 77524 64192 15350 5 0 10 6 5 0 0 0 11 0 0 0 0 0 
216.00 48989 53070 77175 16071 48989 77175 53070 16071 3 2 9 2 5 2 0 0 11 1 0 0 0 0 
220.00 56588 45474 75567 18036 56588 75567 45474 18036 5 3 7 4 12 2 2 0 7 3 0 0 0 0 
224.00 63301 36815 73001 19957 63301 73001 36815 19957 4 2 6 3 12 2 3 0 6 2 0 0 0 0 
228.00 69688 29439 71450 21891 69688 71450 29439 21891 2 3 2 8 15 1 5 0 3 4 0 0 0 0 
232.00 75616 21247 70311 24102 75616 70311 21247 24102 2 2 4 6 15 0 6 0 4 3 0 0 0 0 
236.00 80312 15063 68431 26366 80312 68431 15063 26366 4 6 1 4 8 0 6 0 1 5 0 0 0 0 
240.00 84929 10825 65345 29636 84929 65345 10825 29636 1 3 1 4 19 0 6 0 2 4 0 0 0 0 
244.00 88259 7696 62600 32800 88259 62600 7696 32800 0 8 2 4 10 0 6 0 2 8 0 0 0 0 
248.00 89095 6177 58940 36694 89095 58940 6177 36694 2 8 0 5 12 0 7 0 1 6 0 0 0 0 
252.00 88826 5791 56197 40243 88826 56197 5791 40243 2 8 2 1 11 1 6 0 2 6 0 0 0 0 
256.00 87702 6792 51932 44320 87702 51932 6792 44320 2 16 0 4 8 0 11 0 0 16 0 0 0 0 
260.00 84714 9415 48089 47973 84714 48089 9415 47973 3 6 1 6 14 1 12 0 2 6 0 0 0 0 
264.00 81940 13878 46067 50812 81940 46067 13878 50812 2 4 0 7 10 2 8 0 0 5 0 0 0 0 
268.00 78282 17632 42560 54147 78282 42560 17632 54147 5 2 2 5 8 5 8 0 1 2 0 0 0 0 
272.00 75012 22298 37343 58077 75012 37343 22298 58077 2 6 1 6 5 1 17 0 1 7 0 0 0 0 
276.00 68518 29367 34043 60717 68518 34043 29367 60717 1 10 2 4 1 3 10 0 2 7 0 0 0 0 
280.00 64317 34605 29192 64425 64317 29192 34605 64425 9 12 3 7 4 3 6 0 2 12 0 0 0 0 
284.00 58041 42438 26648 67245 58041 26648 42438 67245 6 9 5 3 3 5 7 0 5 7 0 0 0 0 
288.00 52688 49166 23173 68994 52688 23173 49166 68994 7 8 3 2 3 2 11 0 3 8 0 0 0 0 
292.00 46963 56417 19400 72189 46963 19400 56417 72189 5 5 1 2 0 16 8 0 1 4 0 0 0 0 
296.00 42389 62322 17376 73159 42389 17376 62322 73159 10 9 1 2 1 13 4 0 1 9 0 0 0 0 
300.00 36346 69053 16249 73105 36346 16249 69053 73105 6 2 2 1 2 12 6 0 2 3 0 0 0 0 
304.00 31305 74026 15149 73864 31305 15149 74026 73864 3 4 3 2 2 14 4 0 3 5 0 0 0 0 
308.00 27809 81084 14270 73595 27809 14270 81084 73595 5 4 4 1 2 16 6 0 4 4 0 0 0 0 
312.00 23079 86192 14612 73052 23079 14612 86192 73052 5 3 7 1 1 22 8 0 7 2 0 0 0 0 
316.00 21512 89505 15764 71100 21512 15764 89505 71100 3 4 1 0 1 12 3 0 2 4 0 0 0 0 
320.00 18599 94390 17429 69437 18599 17429 94390 69437 3 1 3 2 3 13 5 0 3 1 0 0 0 0 
324.00 15658 96846 20477 66847 15658 20477 96846 66847 4 3 3 6 1 10 4 0 4 4 0 0 0 0 
328.00 14274 97824 24233 62809 14274 24233 97824 62809 2 0 1 3 0 14 1 0 3 0 0 0 0 0 
332.00 12425 98910 28482 57681 12425 28482 98910 57681 4 3 8 2 1 15 1 0 7 3 0 0 0 0 
336.00 11794 99476 34845 52415 11794 34845 99476 52415 4 0 13 4 2 10 2 0 13 1 0 0 0 0 
340.00 9924 95906 40962 46234 9924 40962 95906 46234 1 0 10 5 1 17 1 0 9 0 0 0 0 0 
344.00 9894 99038 47290 41175 9894 47290 99038 41175 2 1 11 4 1 10 3 0 11 1 0 0 0 0 
348.00 10285 101234 54295 35788 10285 54295 101234 35788 1 0 14 2 1 7 1 0 13 0 0 0 0 0 
352.00 10361 101386 59588 31033 10361 59588 101386 31033 2 0 6 4 2 5 0 0 5 0 0 0 0 0 
356.00 10650 99717 65881 25665 10650 65881 99717 25665 1 0 6 3 6 6 0 0 5 0 0 0 0 0 
360.00 11224 98627 69966 21712 11224 69966 98627 21712 2 0 11 3 1 6 0 0 12 0 0 0 0 0 
